Conv. P 	 Conv. T 
t = 1 
5.398587e-04 	 7.071434e-11 
1.306285e-06 	 1.057948e-13 
t = 3.0 
4.846145e-04 	 1.377605e-10 
2.317601e-06 	 1.118133e-13 
t = 7.0 
3.077508e-04 	 4.970820e-10 
1.157822e-06 	 4.260105e-13 
t = 15.0 
1.388836e-04 	 2.083025e-09 
3.258468e-07 	 1.343123e-12 
t = 31.0 
4.382429e-05 	 8.796300e-09 
1.188188e-07 	 4.470058e-12 
t = 63.0 
6.835380e-06 	 3.608007e-08 
3.346694e-08 	 1.621671e-11 
t = 127.0 
1.758629e-06 	 1.416077e-07 
1.994221e-08 	 5.881121e-11 
t = 255.0 
3.289399e-05 	 5.296693e-07 
1.221168e-07 	 1.942931e-10 
t = 511.0 
1.734265e-04 	 1.848407e-06 
4.556887e-07 	 5.293507e-10 
t = 1023.0 
6.153508e-04 	 5.723398e-06 
1.360915e-06 	 1.142992e-09 
t = 2047.0 
1.486418e-03 	 1.464237e-05 
3.213483e-06 	 2.676354e-09 
t = 4095.0 
2.157175e-03 	 3.017624e-05 
5.291619e-06 	 7.009482e-09 
t = 6495.0 
9.576702e-04 	 2.505069e-05 
3.221042e-06 	 4.594564e-09 
t = 8895.0 
3.026728e-04 	 1.805194e-05 
1.947306e-06 	 1.721865e-09 
t = 11295.0 
9.374905e-05 	 1.437882e-05 
1.505651e-06 	 5.936779e-10 
t = 13695.0 
3.571124e-05 	 1.202568e-05 
1.248587e-06 	 2.422961e-10 
t = 16095.0 
2.181337e-05 	 1.031123e-05 
1.046991e-06 	 1.479635e-10 
t = 18495.0 
2.095247e-05 	 8.961194e-06 
8.753017e-07 	 1.176329e-10 
t = 20895.0 
2.298081e-05 	 7.857527e-06 
7.230089e-07 	 1.122918e-10 
t = 23295.0 
2.545035e-05 	 6.929679e-06 
6.005517e-07 	 1.035671e-10 
t = 25695.0 
2.123683e-05 	 6.194639e-06 
4.602807e-07 	 9.049014e-11 
t = 28095.0 
7.264321e-05 	 5.745019e-06 
3.559180e-07 	 8.200659e-11 
t = 30495.0 
4.937643e-05 	 5.651720e-06 
3.085786e-07 	 1.257662e-10 
t = 32895.0 
4.130850e-05 	 5.413335e-06 
2.852568e-07 	 1.705887e-10 
t = 35295.0 
2.614773e-05 	 4.289268e-06 
2.450912e-07 	 1.331554e-10 
t = 37695.0 
4.795684e-05 	 3.624580e-06 
2.362761e-07 	 1.511450e-10 
t = 40095.0 
5.531431e-05 	 3.094842e-06 
2.460483e-07 	 1.758461e-10 
t = 42495.0 
2.832765e-05 	 2.412507e-06 
2.665795e-07 	 2.307172e-10 
t = 44895.0 
2.639787e-05 	 1.642706e-06 
3.254127e-07 	 4.167012e-10 
t = 47295.0 
3.150604e-05 	 1.141479e-06 
4.403983e-07 	 6.125454e-10 
t = 49695.0 
2.819442e-05 	 8.206094e-07 
5.214118e-07 	 5.277228e-10 
t = 52095.0 
2.243845e-05 	 5.927945e-07 
5.689561e-07 	 4.621602e-10 
t = 54495.0 
2.052141e-05 	 4.220724e-07 
5.847068e-07 	 4.088344e-10 
t = 56895.0 
1.992545e-05 	 2.973283e-07 
6.049267e-07 	 3.806510e-10 
t = 59295.0 
1.844288e-05 	 3.067221e-07 
5.471382e-07 	 2.528625e-10 
t = 61695.0 
1.117399e-05 	 3.836951e-07 
4.637344e-07 	 2.123892e-10 
t = 64095.0 
1.541091e-04 	 2.595009e-07 
7.700191e-07 	 3.182601e-10 
t = 66495.0 
3.001328e-05 	 3.124819e-07 
4.790111e-07 	 4.181031e-10 
t = 68895.0 
2.228006e-05 	 2.652553e-07 
4.437757e-07 	 3.852465e-10 
t = 71295.0 
2.662047e-05 	 1.197022e-07 
4.011932e-07 	 2.654769e-10 
t = 73695.0 
2.617988e-05 	 2.098600e-07 
3.849653e-07 	 2.413597e-10 
t = 76095.0 
2.186555e-05 	 3.411540e-07 
3.738215e-07 	 2.408179e-10 
t = 78495.0 
1.932014e-05 	 2.523883e-07 
3.435646e-07 	 1.793577e-10 
t = 80895.0 
1.245387e-04 	 1.729337e-07 
4.648246e-07 	 1.217359e-10 
t = 83295.0 
1.762491e-04 	 1.213625e-07 
5.220641e-07 	 8.407071e-11 
t = 85695.0 
1.135818e-04 	 9.696429e-08 
4.279282e-07 	 6.258455e-11 
t = 88095.0 
4.350741e-05 	 1.013317e-07 
3.569751e-07 	 5.220762e-11 
t = 90495.0 
2.861290e-05 	 1.233258e-07 
3.453111e-07 	 4.796781e-11 
t = 92895.0 
4.607013e-05 	 1.808450e-07 
3.748433e-07 	 5.065434e-11 
t = 95295.0 
1.500697e-05 	 1.594968e-07 
3.248065e-07 	 4.246737e-11 
t = 97695.0 
1.422300e-05 	 8.179914e-08 
3.087223e-07 	 2.595645e-11 
t = 100095.0 
5.674617e-05 	 8.110987e-08 
3.281693e-07 	 2.978680e-11 
t = 102495.0 
9.932627e-05 	 3.163847e-08 
3.563156e-07 	 2.451243e-11 
t = 104895.0 
7.138733e-05 	 1.453331e-08 
3.230488e-07 	 1.172975e-11 
t = 107295.0 
2.405348e-05 	 1.662931e-07 
2.686094e-07 	 3.630735e-11 
t = 109695.0 
8.782555e-06 	 1.882946e-07 
2.272408e-07 	 4.435995e-11 
t = 112095.0 
3.192632e-05 	 3.022811e-07 
2.744677e-07 	 5.485381e-11 
t = 114495.0 
4.898631e-04 	 1.528737e-06 
3.586920e-06 	 1.710589e-10 
t = 116895.0 
4.624719e-05 	 1.690161e-06 
4.457241e-07 	 1.522648e-10 
t = 119295.0 
5.081718e-05 	 1.165998e-06 
3.045600e-07 	 7.363456e-11 
t = 121695.0 
2.901192e-04 	 3.349794e-07 
3.276313e-06 	 1.386425e-11 
t = 124095.0 
1.047945e-05 	 3.411409e-07 
1.822794e-07 	 1.075672e-11 
t = 126495.0 
4.531608e-05 	 5.071898e-07 
2.324993e-07 	 1.324256e-11 
t = 128895.0 
7.011872e-06 	 2.547796e-07 
1.963695e-07 	 8.488726e-12 
t = 131295.0 
1.813260e-05 	 3.300287e-07 
2.213089e-07 	 8.388099e-12 
t = 133695.0 
6.382100e-05 	 4.755807e-07 
3.502528e-07 	 1.240873e-11 
t = 136095.0 
1.910295e-04 	 2.857338e-07 
1.321416e-06 	 6.239190e-12 
t = 138495.0 
9.058448e-05 	 1.612791e-07 
7.088448e-07 	 5.345970e-12 
t = 140895.0 
2.981619e-05 	 1.051659e-07 
3.171684e-07 	 1.055832e-11 
t = 143295.0 
1.939438e-05 	 9.074774e-08 
6.017730e-08 	 1.795681e-11 
t = 145695.0 
1.476011e-05 	 4.280265e-08 
4.914475e-08 	 1.324206e-11 
t = 148095.0 
4.713935e-06 	 2.032577e-08 
6.023665e-08 	 8.907344e-12 
t = 150495.0 
7.826902e-05 	 6.923192e-08 
7.579830e-07 	 1.528123e-11 
t = 152895.0 
1.841156e-04 	 3.941289e-08 
1.859811e-07 	 1.336351e-11 
t = 155295.0 
2.656022e-04 	 1.074793e-08 
3.217115e-07 	 9.791602e-12 
t = 157695.0 
9.416237e-06 	 6.816810e-09 
9.377118e-08 	 8.240428e-12 
t = 160095.0 
3.905790e-06 	 2.244998e-08 
4.081973e-08 	 8.758282e-12 
t = 162495.0 
3.749966e-06 	 2.575833e-08 
4.310071e-08 	 8.655934e-12 
t = 164895.0 
4.685824e-05 	 1.765884e-08 
2.057300e-07 	 1.000854e-11 
t = 167295.0 
1.928815e-05 	 1.670874e-08 
5.540237e-08 	 1.107747e-11 
t = 169695.0 
4.179465e-05 	 1.162618e-08 
8.582595e-08 	 9.629688e-12 
t = 172095.0 
1.821589e-05 	 6.160581e-08 
7.508675e-08 	 1.424918e-11 
t = 174495.0 
2.149110e-05 	 3.061040e-09 
5.038724e-08 	 5.472648e-12 
t = 176895.0 
6.346949e-05 	 6.821186e-08 
8.133754e-08 	 1.311977e-11 
t = 179295.0 
4.241889e-06 	 7.353950e-10 
3.803393e-08 	 6.528588e-12 
t = 181695.0 
3.834222e-06 	 1.179519e-08 
4.056411e-08 	 8.626212e-12 
t = 184095.0 
3.834980e-06 	 1.114908e-08 
4.085484e-08 	 8.617077e-12 
t = 186495.0 
3.220463e-06 	 4.216817e-10 
4.025442e-08 	 6.083231e-12 
t = 188895.0 
3.339139e-06 	 5.251132e-09 
3.872811e-08 	 6.532587e-12 
t = 191295.0 
3.889424e-06 	 2.007770e-08 
4.096702e-08 	 8.071261e-12 
t = 193695.0 
3.555214e-06 	 8.812290e-09 
4.205825e-08 	 6.409558e-12 
t = 196095.0 
3.332077e-06 	 2.975933e-09 
4.486846e-08 	 5.213474e-12 
t = 198495.0 
2.988971e-06 	 1.500536e-09 
4.342260e-08 	 4.902174e-12 
t = 200895.0 
2.800187e-06 	 3.266277e-09 
3.728044e-08 	 5.022798e-12 
t = 203295.0 
3.220805e-06 	 1.429679e-09 
4.638396e-08 	 4.718845e-12 
t = 205695.0 
4.421232e-06 	 3.855205e-09 
5.812266e-08 	 4.810491e-12 
t = 208095.0 
2.519725e-05 	 1.462349e-08 
1.146987e-07 	 5.544647e-12 
t = 210495.0 
2.559547e-06 	 1.881138e-09 
2.898350e-08 	 4.257906e-12 
t = 212895.0 
1.131701e-05 	 7.870695e-09 
2.890720e-08 	 4.472843e-12 
t = 215295.0 
5.033957e-06 	 1.306540e-08 
2.634091e-08 	 5.374122e-12 
t = 217695.0 
2.288473e-05 	 1.126372e-08 
3.734700e-08 	 5.367577e-12 
t = 220095.0 
3.839901e-05 	 1.439410e-09 
5.931036e-08 	 4.919018e-12 
t = 222495.0 
7.202325e-05 	 4.342910e-08 
1.250879e-07 	 1.120621e-11 
t = 224895.0 
1.450923e-05 	 7.578279e-08 
4.992128e-08 	 1.530724e-11 
t = 227295.0 
5.779279e-06 	 8.690272e-08 
3.320521e-08 	 1.414053e-11 
t = 229695.0 
1.024096e-05 	 1.029397e-07 
4.373028e-08 	 1.239459e-11 
t = 232095.0 
1.549588e-05 	 4.437290e-08 
7.911710e-08 	 5.972122e-12 
t = 234495.0 
2.385351e-05 	 2.627418e-08 
1.323598e-07 	 3.934182e-12 
t = 236895.0 
1.045982e-04 	 1.473544e-07 
3.384403e-07 	 8.714145e-12 
t = 239295.0 
2.469693e-05 	 4.359415e-08 
1.082285e-07 	 3.010282e-12 
t = 241695.0 
3.277496e-06 	 3.549629e-08 
3.027426e-08 	 6.309400e-12 
t = 244095.0 
2.790502e-05 	 1.502477e-08 
3.117519e-08 	 6.058211e-12 
t = 246495.0 
1.304705e-05 	 3.261105e-09 
2.281255e-08 	 3.661262e-12 
t = 248895.0 
4.681401e-06 	 6.832015e-09 
1.900799e-08 	 3.583113e-12 
t = 251295.0 
1.919604e-06 	 4.858080e-09 
2.467240e-08 	 4.085641e-12 
t = 253695.0 
1.873255e-04 	 8.738826e-10 
1.197016e-06 	 2.861113e-12 
t = 256095.0 
3.499024e-04 	 7.107071e-09 
2.184866e-06 	 2.163544e-12 
t = 258495.0 
7.764454e-05 	 2.224718e-08 
1.953050e-07 	 2.866743e-12 
t = 260895.0 
2.006600e-06 	 2.453829e-08 
1.884099e-08 	 2.590371e-12 
t = 263295.0 
3.865772e-06 	 2.724593e-08 
2.014054e-08 	 2.271379e-12 
t = 265695.0 
1.095328e-04 	 5.352270e-08 
2.476221e-07 	 3.154615e-12 
t = 268095.0 
2.355585e-05 	 4.180186e-08 
3.259114e-08 	 1.964308e-12 
t = 270495.0 
7.894789e-05 	 2.332237e-08 
6.467856e-08 	 1.096089e-12 
t = 272895.0 
1.118827e-06 	 1.078969e-08 
1.812456e-08 	 1.257696e-12 
t = 275295.0 
2.083848e-05 	 2.331657e-08 
1.074897e-07 	 3.972098e-12 
t = 277695.0 
3.090801e-05 	 4.533146e-08 
1.621808e-07 	 6.822003e-12 
t = 280095.0 
1.593844e-05 	 1.031854e-10 
4.764863e-08 	 8.771184e-13 
t = 282495.0 
3.473672e-06 	 4.794900e-09 
1.760525e-08 	 9.645229e-13 
t = 284895.0 
1.873368e-06 	 1.586457e-08 
1.524322e-08 	 1.950958e-12 
t = 287295.0 
5.072978e-06 	 5.724954e-08 
1.795201e-08 	 4.601350e-12 
t = 289695.0 
1.259676e-04 	 7.430547e-09 
8.052172e-08 	 8.802933e-13 
t = 292095.0 
3.166422e-04 	 2.439866e-08 
2.269845e-07 	 4.046279e-12 
t = 294495.0 
3.796253e-04 	 3.470167e-08 
3.228098e-07 	 7.137262e-12 
t = 296895.0 
6.426698e-06 	 9.197572e-08 
2.290053e-08 	 1.213966e-11 
t = 299295.0 
7.532353e-06 	 1.114355e-07 
9.451823e-08 	 1.265908e-11 
t = 301695.0 
6.290202e-05 	 1.342631e-08 
7.068519e-08 	 4.123290e-12 
t = 304095.0 
2.127807e-05 	 7.410874e-09 
8.285409e-08 	 3.652044e-12 
t = 306495.0 
4.341476e-05 	 2.757429e-08 
2.181724e-07 	 2.835928e-12 
t = 308895.0 
1.232269e-06 	 6.889128e-09 
9.950724e-09 	 2.907292e-12 
t = 311295.0 
9.385047e-06 	 7.609696e-09 
1.428767e-08 	 2.336385e-12 
t = 313695.0 
2.141011e-05 	 2.953526e-08 
2.066891e-08 	 3.261481e-12 
t = 316095.0 
1.403044e-05 	 3.114825e-08 
1.401503e-08 	 3.581975e-12 
t = 318495.0 
3.140846e-06 	 2.632026e-08 
7.314233e-09 	 3.122564e-12 
t = 320895.0 
9.755207e-07 	 1.524071e-08 
8.933286e-09 	 2.654831e-12 
t = 323295.0 
7.488285e-06 	 1.663855e-08 
1.904112e-08 	 5.563668e-12 
t = 325695.0 
1.646086e-06 	 6.954313e-09 
7.592210e-09 	 4.484269e-12 
t = 328095.0 
1.160353e-06 	 1.360367e-09 
5.565701e-09 	 2.532639e-12 
t = 330495.0 
1.860887e-05 	 2.512815e-09 
5.328367e-08 	 2.457895e-12 
t = 332895.0 
1.397206e-04 	 6.433466e-08 
3.479192e-07 	 8.584364e-12 
t = 335295.0 
1.877837e-04 	 1.117222e-07 
4.142895e-07 	 1.171098e-11 
t = 337695.0 
7.846330e-06 	 2.617436e-08 
3.578158e-08 	 1.993719e-12 
t = 340095.0 
3.857934e-05 	 5.506069e-08 
1.991204e-08 	 7.862842e-12 
t = 342495.0 
1.441092e-05 	 2.025974e-08 
8.274015e-09 	 3.762013e-12 
t = 344895.0 
2.584601e-04 	 1.271341e-08 
9.412953e-07 	 1.458115e-12 
t = 347295.0 
4.479161e-05 	 1.212344e-08 
5.648649e-08 	 2.198610e-12 
t = 349695.0 
8.407601e-07 	 1.832433e-10 
3.214348e-09 	 3.947444e-13 
t = 352095.0 
2.997207e-05 	 1.215938e-07 
1.587999e-08 	 1.139235e-11 
t = 354495.0 
2.518328e-05 	 8.343181e-08 
1.396006e-08 	 9.535155e-12 
t = 356895.0 
4.230639e-05 	 3.497454e-08 
2.004164e-08 	 2.557866e-12 
t = 359295.0 
3.203451e-04 	 5.289953e-08 
2.090577e-07 	 3.411166e-12 
t = 361695.0 
6.051123e-05 	 6.340119e-08 
4.111446e-08 	 3.886005e-12 
t = 364095.0 
1.429096e-05 	 9.255532e-08 
1.081208e-08 	 5.482903e-12 
t = 366495.0 
1.042126e-05 	 2.332036e-07 
1.758646e-08 	 1.722078e-11 
t = 368895.0 
1.110429e-06 	 5.430175e-08 
7.565545e-09 	 2.199006e-12 
t = 371295.0 
2.416162e-05 	 9.118166e-08 
3.016648e-08 	 2.075238e-11 
t = 373695.0 
2.001978e-05 	 4.266584e-08 
2.532903e-08 	 1.564529e-11 
t = 376095.0 
1.222817e-05 	 5.332227e-09 
2.913656e-08 	 1.734379e-12 
t = 378495.0 
5.207849e-06 	 5.761662e-08 
3.171596e-08 	 3.690408e-12 
t = 380895.0 
3.702738e-06 	 3.007578e-08 
1.681239e-08 	 1.949461e-12 
t = 383295.0 
7.718094e-07 	 8.763346e-09 
1.675062e-09 	 1.176540e-12 
t = 385695.0 
5.178777e-06 	 1.153671e-08 
8.060048e-09 	 3.573092e-12 
t = 388095.0 
6.171657e-05 	 1.419654e-08 
4.038202e-08 	 1.002559e-12 
t = 390495.0 
5.735627e-05 	 4.432388e-08 
2.552543e-07 	 3.077014e-12 
t = 392895.0 
1.480405e-04 	 3.530132e-08 
6.709878e-07 	 1.917773e-12 
t = 395295.0 
1.112499e-05 	 2.898944e-08 
1.017162e-08 	 5.054763e-12 
t = 397695.0 
1.014711e-04 	 1.589637e-08 
1.625828e-07 	 5.292838e-12 
t = 400095.0 
1.047532e-04 	 1.269307e-09 
1.861171e-07 	 1.527624e-12 
t = 402495.0 
2.885282e-06 	 1.086584e-09 
2.557966e-09 	 9.173823e-13 
t = 404895.0 
2.241084e-05 	 1.262582e-09 
6.367579e-09 	 4.338104e-13 
t = 407295.0 
4.332401e-05 	 1.235509e-08 
1.215718e-08 	 1.425850e-12 
t = 409695.0 
8.485610e-06 	 3.152758e-08 
4.363278e-09 	 3.331196e-12 
t = 412095.0 
4.909013e-05 	 4.734787e-08 
1.803307e-08 	 4.650103e-12 
t = 414495.0 
4.036961e-05 	 3.925835e-08 
1.716983e-08 	 2.937194e-12 
t = 416895.0 
8.034888e-06 	 1.099630e-08 
8.693112e-09 	 1.489562e-12 
t = 419295.0 
5.162712e-07 	 9.044960e-09 
6.631026e-10 	 4.630809e-13 
t = 421695.0 
1.516669e-05 	 3.952453e-08 
7.713644e-09 	 1.984399e-12 
t = 424095.0 
6.770710e-05 	 1.466010e-08 
3.258621e-08 	 6.398112e-13 
t = 426495.0 
1.621593e-06 	 3.674758e-08 
1.831119e-09 	 1.711946e-12 
t = 428895.0 
3.572783e-06 	 6.104201e-08 
1.823873e-08 	 3.553684e-12 
t = 431295.0 
1.108730e-05 	 1.400009e-08 
1.500544e-08 	 1.314450e-12 
t = 433695.0 
1.581353e-06 	 9.073028e-09 
2.193415e-09 	 1.438640e-12 
t = 436095.0 
4.006339e-06 	 9.520002e-09 
2.813511e-09 	 6.003620e-13 
t = 438495.0 
3.646730e-05 	 1.148424e-08 
2.592595e-08 	 3.391505e-12 
t = 440895.0 
2.852971e-05 	 2.589402e-09 
2.141511e-08 	 1.906276e-12 
t = 443295.0 
1.468895e-05 	 3.222939e-09 
1.027842e-08 	 7.799080e-13 
t = 445695.0 
1.268491e-05 	 1.968976e-09 
2.415474e-08 	 1.243135e-12 
t = 448095.0 
4.193518e-06 	 8.680612e-10 
3.759110e-09 	 1.109953e-12 
t = 450495.0 
1.946986e-05 	 1.580950e-09 
1.331665e-08 	 7.891446e-13 
t = 452895.0 
1.937817e-05 	 1.324154e-08 
1.182715e-08 	 1.723322e-12 
t = 455295.0 
7.093526e-07 	 1.227591e-08 
3.867031e-09 	 1.610642e-12 
t = 457695.0 
2.832952e-06 	 5.453221e-09 
9.120589e-09 	 8.529685e-13 
t = 460095.0 
2.526866e-06 	 6.760712e-09 
3.847016e-09 	 2.387956e-12 
t = 462495.0 
2.674920e-06 	 1.083594e-08 
5.790325e-09 	 3.856402e-12 
t = 464895.0 
1.365935e-06 	 1.193384e-08 
4.585144e-09 	 3.805026e-12 
t = 467295.0 
1.228722e-05 	 1.452770e-08 
2.098645e-08 	 3.496369e-12 
t = 469695.0 
2.761436e-05 	 1.704731e-08 
4.821739e-08 	 3.065508e-12 
t = 472095.0 
3.615561e-05 	 1.381008e-08 
6.578378e-08 	 2.023699e-12 
t = 474495.0 
3.346623e-05 	 2.590040e-09 
7.490353e-08 	 5.515677e-13 
t = 476895.0 
9.671703e-06 	 5.327251e-09 
2.495721e-08 	 1.323894e-12 
t = 479295.0 
4.976791e-06 	 7.315831e-09 
1.468474e-08 	 1.781121e-12 
t = 481695.0 
1.177103e-05 	 3.570426e-11 
1.916655e-08 	 3.128273e-13 
t = 484095.0 
9.769882e-07 	 2.402783e-08 
4.678029e-09 	 2.920464e-12 
t = 486495.0 
1.394915e-05 	 7.919957e-08 
1.136609e-08 	 1.019668e-11 
t = 488895.0 
4.316452e-05 	 3.076796e-08 
1.923737e-08 	 3.479128e-12 
t = 491295.0 
1.914896e-06 	 6.021872e-08 
6.158518e-09 	 4.878170e-12 
t = 493695.0 
1.817576e-06 	 7.683204e-08 
1.340347e-08 	 5.716158e-12 
t = 496095.0 
1.228609e-06 	 1.964341e-08 
3.568116e-09 	 2.672806e-12 
t = 498495.0 
8.796456e-07 	 9.033739e-09 
2.845950e-09 	 2.590111e-12 
t = 500895.0 
5.907484e-07 	 1.689543e-08 
2.087112e-09 	 3.484440e-13 
t = 503295.0 
3.507000e-05 	 3.287515e-08 
8.893378e-08 	 1.326096e-12 
t = 505695.0 
6.160910e-07 	 1.866436e-08 
2.247630e-09 	 4.338920e-13 
t = 508095.0 
1.247307e-06 	 2.072044e-08 
3.258267e-09 	 4.021622e-13 
t = 510495.0 
9.763214e-05 	 2.306233e-07 
5.524146e-07 	 2.318395e-11 
t = 512895.0 
1.180913e-06 	 7.271114e-08 
7.354517e-09 	 4.811003e-12 
t = 515295.0 
3.563936e-06 	 2.800909e-08 
5.204547e-09 	 3.429369e-12 
t = 517695.0 
8.418964e-07 	 3.213247e-08 
1.488169e-09 	 1.744726e-13 
t = 520095.0 
6.874052e-07 	 1.439766e-08 
1.577563e-09 	 1.336211e-12 
t = 522495.0 
2.569749e-06 	 9.615566e-09 
2.192312e-09 	 1.643709e-12 
t = 524895.0 
9.160233e-06 	 4.294533e-07 
5.720262e-08 	 5.074896e-11 
t = 527295.0 
4.635343e-05 	 7.566975e-07 
4.608955e-07 	 1.303357e-10 
t = 529695.0 
6.402429e-05 	 6.884275e-07 
4.712937e-07 	 1.120835e-10 
t = 532095.0 
7.555404e-06 	 2.469146e-07 
1.774120e-08 	 1.019335e-11 
t = 534495.0 
3.177674e-05 	 1.418312e-07 
2.264218e-08 	 2.541369e-12 
t = 536895.0 
5.841511e-05 	 1.002035e-07 
3.747520e-08 	 6.308213e-12 
t = 539295.0 
3.932125e-06 	 1.316975e-07 
4.125039e-09 	 4.467539e-13 
t = 541695.0 
1.916266e-05 	 1.755964e-07 
2.052169e-08 	 4.310183e-12 
t = 544095.0 
2.825077e-05 	 2.223222e-07 
3.809329e-08 	 1.113598e-11 
t = 546495.0 
1.856644e-05 	 3.138540e-07 
3.852437e-08 	 2.469667e-11 
t = 548895.0 
5.310271e-05 	 1.595951e-07 
8.057390e-09 	 2.990639e-12 
t = 551295.0 
6.074831e-05 	 8.047580e-08 
2.366934e-08 	 7.542455e-12 
t = 553695.0 
7.012516e-06 	 5.218077e-08 
6.167416e-09 	 1.208224e-11 
t = 556095.0 
1.857964e-06 	 4.346631e-08 
2.298819e-09 	 3.824967e-12 
t = 558495.0 
1.060582e-06 	 5.347453e-08 
1.998036e-09 	 1.481769e-12 
t = 560895.0 
1.276004e-06 	 2.626567e-08 
2.443522e-09 	 3.816104e-12 
t = 563295.0 
1.317050e-06 	 3.030363e-08 
1.667455e-09 	 1.960687e-12 
t = 565695.0 
9.941969e-07 	 5.150803e-08 
2.990956e-09 	 3.074072e-12 
t = 568095.0 
2.580043e-06 	 2.149618e-08 
1.498271e-09 	 1.417713e-12 
t = 570495.0 
1.007246e-06 	 1.466403e-08 
1.976809e-09 	 2.736096e-12 
t = 572895.0 
1.855920e-06 	 1.005176e-08 
2.606508e-09 	 3.430336e-12 
t = 575295.0 
4.640059e-05 	 1.146636e-08 
1.692305e-08 	 6.723140e-12 
t = 577695.0 
4.187335e-06 	 3.049920e-08 
1.130128e-08 	 1.437461e-11 
t = 580095.0 
3.235689e-06 	 6.133760e-08 
1.765388e-08 	 2.235962e-11 
t = 582495.0 
1.393515e-05 	 8.233735e-08 
2.692986e-08 	 2.434369e-11 
t = 584895.0 
3.386828e-06 	 6.343744e-08 
1.612083e-08 	 1.665225e-11 
t = 587295.0 
7.556443e-06 	 5.251482e-08 
1.310731e-08 	 1.092503e-11 
t = 589695.0 
1.062279e-05 	 8.997123e-08 
1.646534e-08 	 1.375748e-11 
t = 592095.0 
3.553145e-06 	 1.754210e-07 
2.621452e-08 	 2.289126e-11 
t = 594495.0 
4.592201e-06 	 2.445146e-07 
3.485055e-08 	 2.827483e-11 
t = 596895.0 
2.306181e-06 	 1.636266e-07 
2.092949e-08 	 1.497147e-11 
t = 599295.0 
4.070555e-05 	 1.185189e-07 
2.630562e-08 	 7.866354e-12 
t = 601695.0 
4.273953e-05 	 1.074914e-07 
2.258129e-08 	 6.020105e-12 
t = 604095.0 
7.114427e-06 	 1.861225e-07 
2.109071e-08 	 9.982704e-12 
t = 606495.0 
1.400345e-06 	 1.590601e-07 
1.476969e-08 	 7.530409e-12 
t = 608895.0 
8.213707e-07 	 1.146327e-07 
1.077120e-08 	 4.167905e-12 
t = 611295.0 
2.153629e-06 	 9.976137e-08 
9.685044e-09 	 3.062484e-12 
t = 613695.0 
4.836659e-06 	 8.132380e-08 
8.920712e-09 	 2.308728e-12 
t = 616095.0 
1.566653e-06 	 7.134749e-08 
8.235632e-09 	 1.837409e-12 
t = 618495.0 
2.540072e-05 	 9.430202e-08 
1.461484e-08 	 2.387745e-12 
t = 620895.0 
1.474966e-05 	 7.842278e-08 
1.082951e-08 	 1.943488e-12 
t = 623295.0 
8.984950e-06 	 5.985929e-08 
9.267711e-09 	 1.400858e-12 
t = 625695.0 
9.943881e-06 	 6.269017e-08 
9.270068e-09 	 1.336801e-12 
t = 628095.0 
7.605335e-07 	 3.439389e-08 
8.530712e-09 	 1.449816e-12 
t = 630495.0 
1.947377e-06 	 2.177916e-08 
1.033293e-08 	 3.647103e-12 
t = 632895.0 
1.741803e-05 	 1.284684e-08 
1.313282e-08 	 2.433689e-12 
t = 635295.0 
7.874561e-06 	 1.036990e-08 
8.670633e-09 	 9.387124e-13 
t = 637695.0 
2.726983e-06 	 1.113371e-08 
7.883235e-09 	 4.439168e-13 
t = 640095.0 
2.822583e-06 	 7.783466e-09 
7.829296e-09 	 4.452817e-13 
t = 642495.0 
4.785476e-07 	 1.237383e-08 
7.600076e-09 	 3.419963e-13 
t = 644895.0 
6.226066e-07 	 2.011242e-08 
7.755190e-09 	 7.567419e-13 
t = 647295.0 
6.371942e-06 	 1.219970e-08 
7.341696e-09 	 3.344231e-13 
t = 649695.0 
4.238510e-06 	 4.880742e-08 
9.856449e-09 	 2.461204e-12 
t = 652095.0 
2.585822e-06 	 8.751747e-08 
1.206539e-08 	 5.570845e-12 
t = 654495.0 
4.694720e-05 	 1.687800e-08 
2.129391e-08 	 6.063390e-13 
t = 656895.0 
5.076651e-06 	 1.081931e-07 
2.430008e-08 	 2.010061e-11 
t = 659295.0 
2.044713e-05 	 2.627768e-07 
4.967383e-08 	 5.385880e-11 
t = 661695.0 
5.951822e-06 	 1.238496e-07 
2.879906e-08 	 2.784686e-11 
t = 664095.0 
1.454612e-04 	 8.785035e-08 
2.531345e-07 	 9.237916e-12 
t = 666495.0 
8.889425e-05 	 5.620954e-07 
3.789452e-07 	 7.456996e-11 
t = 668895.0 
3.751975e-05 	 2.011956e-07 
3.261321e-08 	 2.890198e-11 
t = 671295.0 
1.169781e-05 	 1.443029e-07 
1.599600e-08 	 1.059060e-11 
t = 673695.0 
5.262319e-06 	 1.597169e-07 
1.337368e-08 	 6.932375e-12 
t = 676095.0 
2.465996e-06 	 2.062057e-07 
1.566126e-08 	 7.303051e-12 
t = 678495.0 
3.455533e-06 	 1.920267e-07 
1.387086e-08 	 5.081705e-12 
t = 680895.0 
2.338230e-06 	 1.481322e-07 
9.410618e-09 	 2.418878e-12 
t = 683295.0 
1.484202e-06 	 6.371060e-08 
7.222065e-09 	 2.547818e-12 
t = 685695.0 
5.519529e-06 	 4.369097e-08 
9.082300e-09 	 6.428060e-12 
t = 688095.0 
4.464626e-06 	 2.452598e-08 
7.154938e-09 	 5.065051e-12 
t = 690495.0 
1.094315e-05 	 5.769863e-08 
5.177770e-09 	 4.940106e-13 
t = 692895.0 
9.994215e-06 	 6.305154e-08 
5.271215e-09 	 1.328771e-12 
t = 695295.0 
1.979738e-06 	 2.466520e-08 
3.116528e-09 	 2.848587e-13 
t = 697695.0 
2.052385e-05 	 1.488141e-07 
2.393422e-08 	 2.192453e-11 
t = 700095.0 
4.606812e-06 	 5.370267e-08 
1.534133e-08 	 1.355921e-11 
t = 702495.0 
2.253366e-06 	 1.689195e-09 
4.564899e-09 	 1.367439e-12 
t = 704895.0 
3.953940e-07 	 2.963632e-09 
3.277567e-09 	 6.163974e-13 
t = 707295.0 
4.803377e-06 	 3.207325e-10 
2.782899e-09 	 2.326629e-13 
t = 709695.0 
4.763392e-06 	 1.111583e-09 
2.627229e-09 	 3.888782e-13 
t = 712095.0 
1.859107e-07 	 4.190417e-10 
1.809570e-09 	 1.705742e-13 
t = 714495.0 
2.019260e-06 	 4.295673e-09 
1.901444e-09 	 6.141486e-13 
t = 716895.0 
1.437469e-05 	 2.619540e-08 
4.581719e-09 	 2.862050e-12 
t = 719295.0 
4.297654e-05 	 3.949320e-09 
1.571925e-08 	 4.345159e-13 
t = 721695.0 
2.316774e-05 	 1.459458e-09 
5.905723e-09 	 1.650831e-13 
t = 724095.0 
7.616529e-06 	 4.806894e-09 
2.682364e-09 	 1.015760e-12 
t = 726495.0 
1.099958e-05 	 5.858434e-08 
8.679811e-09 	 8.118805e-12 
t = 728895.0 
2.145627e-05 	 1.802746e-08 
4.085041e-09 	 3.227489e-12 
t = 731295.0 
1.202831e-05 	 4.196353e-09 
1.750158e-09 	 4.552319e-13 
t = 733695.0 
2.410791e-06 	 6.483938e-08 
8.198398e-09 	 8.120307e-12 
t = 736095.0 
3.629449e-05 	 1.452899e-07 
1.653620e-08 	 1.582663e-11 
t = 738495.0 
1.171590e-04 	 1.586190e-07 
2.796541e-08 	 1.356559e-11 
t = 740895.0 
3.820964e-04 	 1.998714e-08 
7.357604e-07 	 9.621039e-13 
t = 743295.0 
8.679196e-05 	 8.711724e-08 
9.454943e-08 	 1.370096e-11 
t = 745695.0 
1.290746e-05 	 2.621375e-07 
4.383105e-08 	 4.305208e-11 
t = 748095.0 
8.352441e-05 	 3.863143e-07 
6.787848e-08 	 6.303669e-11 
t = 750495.0 
2.639116e-05 	 3.756737e-07 
5.030565e-08 	 5.416362e-11 
t = 752895.0 
7.093428e-06 	 3.189960e-07 
3.563056e-08 	 3.418237e-11 
t = 755295.0 
5.705790e-06 	 2.181445e-07 
2.086025e-08 	 1.304937e-11 
t = 757695.0 
4.945288e-06 	 1.955257e-07 
1.528165e-08 	 7.155179e-12 
t = 760095.0 
1.190650e-05 	 1.810678e-07 
1.344761e-08 	 4.994953e-12 
t = 762495.0 
4.915125e-06 	 1.534949e-07 
9.991644e-09 	 3.017381e-12 
t = 764895.0 
5.110941e-07 	 1.092334e-07 
6.850043e-09 	 1.533117e-12 
t = 767295.0 
7.916981e-07 	 9.049056e-08 
5.390045e-09 	 1.318757e-12 
t = 769695.0 
1.513325e-05 	 1.781701e-07 
1.077926e-08 	 5.856511e-12 
t = 772095.0 
1.486041e-05 	 5.796066e-08 
7.702443e-09 	 7.792159e-12 
t = 774495.0 
6.182797e-05 	 1.727345e-07 
3.739383e-08 	 4.726014e-11 
t = 776895.0 
2.171321e-06 	 1.503848e-08 
7.635908e-09 	 1.251691e-11 
t = 779295.0 
1.485359e-06 	 1.203106e-08 
4.650271e-09 	 6.412859e-12 
t = 781695.0 
1.437321e-06 	 1.987647e-08 
5.015144e-09 	 6.191122e-12 
t = 784095.0 
1.002643e-05 	 5.574064e-10 
5.413577e-09 	 1.682606e-12 
t = 786495.0 
1.799868e-05 	 9.149809e-09 
1.257578e-08 	 2.269919e-12 
t = 788895.0 
1.381539e-04 	 1.677739e-08 
1.902229e-07 	 2.712536e-12 
t = 791295.0 
1.623707e-03 	 2.290279e-08 
8.084049e-06 	 3.813377e-12 
t = 793695.0 
9.093972e-04 	 1.977012e-08 
1.793862e-06 	 5.023380e-12 
t = 796095.0 
4.662259e-04 	 1.661246e-09 
4.832707e-07 	 1.119453e-12 
t = 798495.0 
8.363397e-05 	 1.694731e-08 
6.139680e-08 	 3.370529e-12 
t = 800895.0 
2.338827e-06 	 4.725163e-08 
9.790776e-09 	 8.832613e-12 
t = 803295.0 
3.929508e-05 	 7.006223e-08 
5.633764e-08 	 1.091460e-11 
t = 805695.0 
1.855353e-04 	 6.959767e-08 
4.412351e-07 	 8.473590e-12 
t = 808095.0 
9.241954e-05 	 7.542044e-08 
1.355528e-07 	 6.480285e-12 
t = 810495.0 
6.861140e-05 	 7.748552e-08 
8.028911e-08 	 4.820517e-12 
t = 812895.0 
9.431821e-05 	 5.363926e-08 
1.265996e-07 	 2.035591e-12 
t = 815295.0 
9.167042e-05 	 3.954207e-08 
1.118667e-07 	 9.186433e-13 
t = 817695.0 
8.040923e-05 	 2.341992e-08 
8.824286e-08 	 6.814956e-13 
t = 820095.0 
4.143483e-05 	 2.491135e-08 
5.359084e-08 	 5.084670e-12 
t = 822495.0 
9.146548e-05 	 5.439952e-09 
8.090083e-08 	 1.483394e-12 
t = 824895.0 
1.167827e-04 	 8.791294e-09 
6.817105e-08 	 4.732404e-13 
t = 827295.0 
2.779037e-05 	 7.220437e-08 
2.944139e-08 	 1.144561e-11 
t = 829695.0 
3.078490e-05 	 9.099931e-08 
3.433424e-08 	 1.743794e-11 
t = 832095.0 
3.263155e-05 	 8.334976e-08 
2.694949e-08 	 1.427956e-11 
t = 834495.0 
9.102691e-06 	 2.721154e-07 
3.658152e-08 	 3.851387e-11 
t = 836895.0 
1.258355e-05 	 3.962951e-07 
4.800000e-08 	 5.776551e-11 
t = 839295.0 
1.027179e-05 	 3.734698e-07 
4.177370e-08 	 4.757947e-11 
t = 841695.0 
3.578046e-06 	 2.000869e-07 
1.789949e-08 	 1.236140e-11 
t = 844095.0 
9.497959e-06 	 3.895281e-07 
3.676618e-08 	 3.043473e-11 
t = 846495.0 
9.777628e-06 	 6.815769e-07 
6.794944e-08 	 7.762237e-11 
t = 848895.0 
3.165543e-05 	 7.286502e-07 
7.181340e-08 	 8.588647e-11 
t = 851295.0 
2.084541e-05 	 6.292312e-07 
5.449620e-08 	 5.605184e-11 
t = 853695.0 
1.066458e-06 	 2.970604e-07 
1.737815e-08 	 3.982001e-12 
t = 856095.0 
1.716923e-04 	 1.100361e-06 
2.056518e-07 	 3.056240e-10 
t = 858495.0 
2.383881e-04 	 1.059022e-06 
2.491321e-07 	 3.116028e-10 
t = 860895.0 
6.816361e-05 	 5.731394e-07 
1.152446e-07 	 1.432437e-10 
t = 863295.0 
1.687789e-04 	 5.396093e-07 
1.378502e-06 	 7.596751e-11 
t = 865695.0 
3.791152e-05 	 5.301519e-07 
5.964316e-08 	 4.714085e-11 
t = 868095.0 
1.138751e-04 	 4.910054e-07 
6.753259e-08 	 3.000544e-11 
t = 870495.0 
2.565538e-05 	 3.298190e-07 
3.558534e-08 	 1.434358e-11 
t = 872895.0 
2.677191e-05 	 2.933400e-07 
3.405800e-08 	 1.046116e-11 
t = 875295.0 
9.256132e-06 	 2.600561e-07 
2.216020e-08 	 8.625747e-12 
t = 877695.0 
5.134036e-05 	 1.451305e-07 
1.144208e-07 	 7.380806e-12 
t = 880095.0 
1.226496e-05 	 1.190062e-07 
2.443464e-08 	 6.181416e-12 
t = 882495.0 
1.400327e-06 	 1.121838e-07 
9.123890e-09 	 4.441354e-12 
t = 884895.0 
1.373830e-06 	 8.233242e-08 
6.790800e-09 	 4.005477e-12 
t = 887295.0 
5.123117e-06 	 6.530028e-08 
7.437373e-09 	 3.493612e-12 
t = 889695.0 
3.731147e-06 	 5.117350e-08 
5.973053e-09 	 3.047294e-12 
t = 892095.0 
4.264459e-06 	 3.494491e-08 
6.066559e-09 	 3.088660e-12 
t = 894495.0 
5.673555e-05 	 2.316368e-08 
6.850255e-08 	 3.323704e-12 
t = 896895.0 
4.593019e-05 	 1.593241e-08 
3.621943e-08 	 3.617594e-12 
t = 899295.0 
2.639109e-05 	 9.222606e-09 
7.017458e-09 	 2.438962e-12 
t = 901695.0 
7.054997e-06 	 1.769764e-08 
6.701730e-09 	 5.001109e-12 
t = 904095.0 
2.590938e-05 	 3.983848e-08 
1.643562e-08 	 8.971019e-12 
t = 906495.0 
6.131735e-04 	 1.945123e-08 
9.501926e-07 	 1.984487e-12 
t = 908895.0 
3.300567e-06 	 2.753490e-08 
5.852309e-09 	 4.634950e-12 
t = 911295.0 
2.328639e-04 	 1.228420e-07 
5.641515e-07 	 1.889859e-11 
t = 913695.0 
1.057468e-04 	 2.161072e-07 
6.561412e-07 	 1.694840e-11 
t = 916095.0 
1.162963e-04 	 9.569900e-08 
4.084679e-07 	 1.216098e-11 
t = 918495.0 
1.403712e-04 	 9.495143e-09 
1.538461e-07 	 5.957413e-13 
t = 920895.0 
5.257562e-05 	 1.103111e-07 
1.822190e-08 	 1.625670e-11 
t = 923295.0 
5.705595e-05 	 1.276279e-07 
2.095221e-08 	 2.194591e-11 
t = 925695.0 
3.066572e-05 	 8.291289e-08 
1.223214e-08 	 1.255395e-11 
t = 928095.0 
4.295606e-07 	 2.703627e-08 
3.904857e-09 	 2.132202e-12 
t = 930495.0 
1.526079e-06 	 1.372062e-08 
2.105442e-09 	 5.708126e-13 
t = 932895.0 
1.892009e-06 	 8.126152e-09 
1.639836e-09 	 8.626668e-13 
t = 935295.0 
2.809145e-07 	 5.264891e-09 
1.405435e-09 	 1.198985e-12 
t = 937695.0 
1.471438e-06 	 3.697548e-09 
1.135162e-09 	 1.248207e-12 
t = 940095.0 
1.313486e-06 	 3.356957e-09 
9.615703e-10 	 1.230965e-12 
t = 942495.0 
1.624185e-06 	 9.700755e-09 
1.589889e-09 	 2.089555e-12 
t = 944895.0 
3.388169e-06 	 2.062805e-08 
2.104316e-09 	 1.564493e-12 
t = 947295.0 
2.991528e-06 	 6.945527e-08 
7.449178e-09 	 8.731159e-12 
t = 949695.0 
9.484646e-05 	 6.371448e-08 
1.148629e-07 	 6.128865e-12 
t = 952095.0 
1.140615e-04 	 1.541632e-07 
1.917823e-07 	 2.011908e-11 
t = 954495.0 
6.375818e-05 	 2.061657e-07 
9.257768e-08 	 2.197180e-11 
t = 956895.0 
2.549355e-05 	 3.438644e-07 
3.239343e-08 	 2.599860e-11 
t = 959295.0 
1.312204e-05 	 4.014219e-07 
3.308833e-08 	 2.168423e-11 
t = 961695.0 
7.321581e-06 	 4.013922e-07 
2.887396e-08 	 1.456656e-11 
t = 964095.0 
2.689287e-06 	 3.011754e-07 
1.870743e-08 	 6.418622e-12 
t = 966495.0 
7.965335e-07 	 2.141810e-07 
1.189779e-08 	 2.651723e-12 
t = 968895.0 
8.208843e-06 	 1.497507e-07 
9.308198e-09 	 1.783858e-12 
t = 971295.0 
1.344755e-04 	 1.011641e-07 
5.793483e-08 	 2.085580e-12 
t = 973695.0 
5.693509e-05 	 7.061243e-08 
8.071497e-08 	 2.252847e-12 
t = 976095.0 
1.613077e-04 	 4.810312e-08 
3.084935e-07 	 2.329088e-12 
t = 978495.0 
2.994504e-06 	 3.178823e-08 
5.686780e-09 	 2.992191e-12 
t = 980895.0 
2.158905e-04 	 3.558251e-08 
7.271345e-08 	 6.391649e-12 
t = 983295.0 
5.057405e-04 	 5.899909e-08 
3.633572e-07 	 1.109978e-11 
t = 985695.0 
7.083143e-04 	 4.934498e-08 
7.550700e-07 	 1.040267e-11 
t = 988095.0 
1.211317e-04 	 1.100682e-07 
6.107734e-08 	 1.584909e-11 
t = 990495.0 
3.030274e-05 	 1.078221e-07 
1.964428e-08 	 1.442488e-11 
t = 992895.0 
7.778890e-06 	 3.566518e-08 
1.428544e-08 	 6.805848e-12 
t = 995295.0 
6.333524e-04 	 4.564620e-08 
3.512166e-06 	 1.051017e-11 
t = 997695.0 
1.362735e-03 	 2.699459e-08 
1.303880e-05 	 5.885295e-12 
t = 1000095.0 
1.095021e-03 	 7.548337e-08 
5.437111e-06 	 7.894149e-12 
t = 1002495.0 
6.708902e-05 	 3.303813e-08 
4.802581e-08 	 2.232489e-12 
t = 1004895.0 
3.749236e-05 	 2.783401e-07 
3.148670e-08 	 3.273969e-11 
t = 1007295.0 
1.397452e-05 	 5.757536e-09 
1.560985e-09 	 6.429521e-13 
t = 1009695.0 
3.888582e-06 	 1.087083e-07 
1.084881e-08 	 1.101373e-11 
t = 1012095.0 
1.244367e-05 	 1.301288e-07 
2.374214e-08 	 1.300315e-11 
t = 1014495.0 
6.447084e-05 	 2.465209e-08 
1.126749e-08 	 1.286067e-12 
t = 1016895.0 
7.303415e-05 	 5.391125e-09 
2.792885e-08 	 7.822294e-14 
t = 1019295.0 
2.362411e-05 	 1.017806e-07 
1.901478e-08 	 5.411122e-12 
t = 1021695.0 
5.330937e-06 	 7.005671e-08 
4.867604e-09 	 3.608753e-12 
t = 1024095.0 
1.058468e-05 	 1.289255e-08 
1.206133e-09 	 2.110699e-13 
t = 1026495.0 
3.155019e-05 	 3.725346e-08 
5.720741e-09 	 5.317129e-12 
t = 1028895.0 
1.079357e-05 	 4.680379e-08 
7.124088e-09 	 7.662279e-12 
t = 1031295.0 
2.061317e-05 	 5.680378e-08 
8.076801e-09 	 7.991887e-12 
t = 1033695.0 
1.633737e-05 	 3.853385e-08 
5.747140e-09 	 4.623329e-12 
t = 1036095.0 
4.988363e-07 	 1.180612e-08 
1.907269e-09 	 1.384034e-12 
t = 1038495.0 
7.082570e-06 	 2.920352e-09 
2.669474e-09 	 1.189601e-12 
t = 1040895.0 
1.972535e-05 	 3.986191e-09 
3.528774e-09 	 4.022146e-13 
t = 1043295.0 
1.112468e-05 	 3.525314e-09 
2.636695e-09 	 5.053008e-13 
t = 1045695.0 
6.616109e-06 	 3.213204e-09 
2.753607e-09 	 8.301725e-13 
t = 1048095.0 
1.175970e-06 	 2.234087e-09 
1.390709e-09 	 8.417980e-13 
t = 1050495.0 
5.051502e-06 	 1.636985e-07 
3.002958e-08 	 1.399604e-11 
t = 1052895.0 
5.243252e-06 	 1.661614e-07 
2.307614e-08 	 1.843801e-11 
t = 1055295.0 
1.453487e-06 	 5.710622e-08 
5.991628e-09 	 4.357814e-12 
t = 1057695.0 
2.013844e-05 	 4.349962e-08 
1.374256e-08 	 6.956079e-12 
t = 1060095.0 
1.473969e-06 	 8.158249e-08 
5.057277e-09 	 3.141452e-12 
t = 1062495.0 
7.309563e-05 	 3.774941e-07 
4.233110e-08 	 3.596549e-11 
t = 1064895.0 
7.305403e-04 	 4.703638e-08 
1.663387e-06 	 5.130571e-12 
t = 1067295.0 
2.627958e-04 	 1.444597e-07 
4.289932e-07 	 2.821410e-11 
t = 1069695.0 
1.294402e-04 	 1.722928e-07 
2.040975e-07 	 3.039095e-11 
t = 1072095.0 
6.178529e-05 	 9.832819e-08 
9.287599e-08 	 1.559176e-11 
t = 1074495.0 
3.459080e-06 	 8.314786e-08 
1.351823e-08 	 8.750991e-12 
t = 1076895.0 
1.846856e-05 	 7.191239e-08 
3.755213e-08 	 5.085705e-12 
t = 1079295.0 
4.329875e-05 	 4.508850e-08 
1.119188e-07 	 2.145306e-12 
t = 1081695.0 
3.063079e-05 	 5.701491e-08 
1.570986e-08 	 8.136103e-12 
t = 1084095.0 
1.132686e-04 	 2.344730e-07 
6.893205e-08 	 3.516301e-11 
t = 1086495.0 
3.014152e-06 	 2.323669e-08 
7.636860e-09 	 8.180553e-12 
t = 1088895.0 
1.503977e-06 	 3.531651e-08 
8.386048e-09 	 6.187674e-12 
t = 1091295.0 
5.494142e-06 	 6.177738e-08 
5.135181e-08 	 7.502626e-12 
t = 1093695.0 
2.139162e-04 	 2.185454e-08 
1.183709e-06 	 2.952285e-12 
t = 1096095.0 
4.402864e-04 	 1.326616e-08 
2.284382e-06 	 3.963855e-12 
t = 1098495.0 
4.623231e-04 	 3.940996e-08 
1.681253e-06 	 8.842019e-12 
t = 1100895.0 
3.802118e-05 	 5.779936e-08 
2.276316e-08 	 9.666440e-12 
t = 1103295.0 
3.162744e-05 	 4.344266e-08 
1.754834e-08 	 5.655674e-12 
t = 1105695.0 
3.632342e-05 	 3.404617e-08 
1.966309e-08 	 2.777664e-12 
t = 1108095.0 
9.709683e-05 	 4.793528e-08 
6.671821e-08 	 2.671964e-12 
t = 1110495.0 
2.978505e-05 	 1.374653e-08 
1.386997e-08 	 2.073664e-13 
t = 1112895.0 
9.776416e-06 	 8.885152e-09 
6.401836e-09 	 1.125837e-12 
t = 1115295.0 
1.358315e-05 	 3.728670e-09 
5.563246e-09 	 7.558769e-13 
t = 1117695.0 
2.429275e-05 	 5.288190e-09 
1.166222e-08 	 1.229401e-12 
t = 1120095.0 
1.781668e-05 	 1.947333e-08 
1.152238e-08 	 3.094113e-12 
t = 1122495.0 
2.691900e-06 	 6.722309e-08 
9.465236e-09 	 8.397318e-12 
t = 1124895.0 
6.856381e-06 	 1.906715e-07 
2.417355e-08 	 2.198387e-11 
t = 1127295.0 
9.588815e-06 	 2.438273e-07 
2.877611e-08 	 2.723441e-11 
t = 1129695.0 
4.820429e-06 	 5.339384e-08 
5.508180e-09 	 2.304955e-12 
t = 1132095.0 
1.457209e-05 	 5.482509e-07 
9.281200e-08 	 4.969473e-11 
t = 1134495.0 
4.116273e-05 	 1.679670e-06 
3.396092e-07 	 2.417058e-10 
t = 1136895.0 
3.121190e-05 	 1.307594e-06 
1.749898e-07 	 1.909614e-10 
t = 1139295.0 
2.180351e-05 	 1.333219e-06 
1.524870e-07 	 1.564112e-10 
t = 1141695.0 
2.057964e-05 	 1.405842e-06 
1.393472e-07 	 1.412959e-10 
t = 1144095.0 
2.740954e-05 	 1.229013e-06 
1.038712e-07 	 8.930267e-11 
t = 1146495.0 
1.128738e-05 	 9.806346e-07 
7.002546e-08 	 3.814427e-11 
t = 1148895.0 
9.016896e-06 	 7.744521e-07 
4.778569e-08 	 1.296320e-11 
t = 1151295.0 
4.636226e-05 	 5.952949e-07 
3.260680e-08 	 5.050915e-12 
t = 1153695.0 
9.730738e-06 	 3.524747e-07 
2.658339e-08 	 2.239374e-11 
t = 1156095.0 
7.263278e-06 	 2.290339e-07 
3.193701e-08 	 4.957191e-11 
t = 1158495.0 
4.720990e-06 	 2.049411e-07 
1.392686e-08 	 8.769928e-12 
t = 1160895.0 
7.658804e-06 	 3.137131e-07 
1.574774e-08 	 3.238035e-12 
t = 1163295.0 
1.730217e-05 	 3.361363e-07 
2.109606e-08 	 1.050369e-11 
t = 1165695.0 
3.538524e-05 	 1.293648e-07 
1.976789e-08 	 1.337747e-11 
t = 1168095.0 
4.277080e-06 	 9.667113e-08 
1.105566e-08 	 7.936733e-12 
t = 1170495.0 
3.060435e-06 	 1.265850e-07 
8.598807e-09 	 1.653951e-13 
t = 1172895.0 
2.891561e-06 	 6.104817e-08 
9.927153e-09 	 6.842717e-12 
t = 1175295.0 
1.250916e-06 	 1.205803e-07 
8.282103e-09 	 1.428912e-12 
t = 1177695.0 
6.977887e-06 	 2.475829e-07 
2.162054e-08 	 2.161223e-11 
t = 1180095.0 
6.259743e-06 	 6.224084e-08 
9.213947e-09 	 5.772456e-12 
t = 1182495.0 
8.921220e-06 	 1.560719e-07 
4.819932e-08 	 6.543881e-11 
t = 1184895.0 
1.474751e-05 	 2.405441e-07 
7.820814e-08 	 1.002949e-10 
t = 1187295.0 
7.048697e-06 	 8.704694e-08 
4.238135e-08 	 4.567853e-11 
t = 1189695.0 
1.813576e-05 	 3.046035e-07 
7.270223e-08 	 7.416093e-11 
t = 1192095.0 
3.540451e-05 	 6.244398e-07 
1.221636e-07 	 1.129935e-10 
t = 1194495.0 
1.874406e-05 	 4.259914e-07 
1.027990e-07 	 6.384582e-11 
t = 1196895.0 
2.006083e-05 	 1.249203e-07 
3.804382e-08 	 1.165243e-11 
t = 1199295.0 
1.316555e-05 	 8.507547e-08 
4.830813e-08 	 2.061473e-11 
t = 1201695.0 
4.942828e-05 	 1.191879e-07 
4.147884e-08 	 4.639442e-11 
t = 1204095.0 
7.557914e-06 	 1.000389e-07 
3.530263e-08 	 4.432399e-11 
t = 1206495.0 
2.393135e-06 	 2.724693e-08 
1.411997e-08 	 1.591016e-11 
t = 1208895.0 
5.300641e-05 	 1.117518e-07 
5.663646e-08 	 1.397018e-11 
t = 1211295.0 
3.528727e-05 	 2.183956e-07 
7.380992e-08 	 4.043880e-11 
t = 1213695.0 
1.011485e-05 	 2.068505e-07 
4.166878e-08 	 3.463789e-11 
t = 1216095.0 
7.095207e-05 	 7.669096e-08 
7.667797e-08 	 8.916687e-12 
t = 1218495.0 
6.825472e-06 	 2.691549e-08 
1.168515e-08 	 2.180646e-12 
t = 1220895.0 
7.281159e-06 	 2.372526e-08 
7.480216e-09 	 7.074490e-12 
t = 1223295.0 
8.982902e-05 	 1.273663e-08 
2.816987e-08 	 1.131606e-12 
t = 1225695.0 
4.738242e-05 	 1.237096e-08 
1.572034e-08 	 6.099838e-13 
t = 1228095.0 
2.864856e-05 	 8.326536e-09 
1.106042e-08 	 5.243546e-13 
t = 1230495.0 
3.884872e-06 	 1.326559e-08 
3.310972e-09 	 7.637470e-13 
t = 1232895.0 
4.797023e-07 	 1.380951e-08 
2.467513e-09 	 9.354529e-13 
t = 1235295.0 
9.043669e-07 	 1.976291e-08 
3.238932e-09 	 1.523869e-12 
t = 1237695.0 
1.655113e-05 	 7.746937e-08 
1.963262e-08 	 8.006732e-12 
t = 1240095.0 
4.663745e-06 	 3.253051e-08 
9.085129e-09 	 2.654945e-12 
t = 1242495.0 
3.906876e-06 	 1.727596e-08 
8.520529e-09 	 5.908892e-13 
t = 1244895.0 
1.215309e-05 	 1.760621e-07 
2.930746e-08 	 1.517761e-11 
t = 1247295.0 
9.698247e-06 	 2.206046e-07 
3.481289e-08 	 2.062103e-11 
t = 1249695.0 
6.192806e-06 	 2.096144e-07 
2.737668e-08 	 1.522214e-11 
t = 1252095.0 
7.575522e-06 	 2.373594e-07 
2.524704e-08 	 1.295500e-11 
t = 1254495.0 
1.571928e-05 	 1.368715e-07 
2.760305e-08 	 3.666263e-12 
t = 1256895.0 
9.672500e-06 	 8.209076e-08 
2.252080e-08 	 1.211303e-12 
t = 1259295.0 
1.414291e-06 	 1.269825e-07 
9.969097e-09 	 2.018072e-12 
t = 1261695.0 
4.777177e-07 	 6.719887e-08 
6.078409e-09 	 8.889363e-13 
t = 1264095.0 
2.349454e-06 	 3.816887e-08 
6.619715e-09 	 3.601191e-12 
t = 1266495.0 
2.727218e-06 	 3.245951e-08 
9.921985e-09 	 9.498781e-13 
t = 1268895.0 
9.317730e-06 	 2.590527e-08 
1.826485e-08 	 5.098326e-13 
t = 1271295.0 
4.991150e-06 	 1.634229e-08 
1.238994e-08 	 8.604004e-13 
t = 1273695.0 
1.084838e-05 	 1.769070e-08 
7.424241e-09 	 4.111078e-12 
t = 1276095.0 
2.347708e-06 	 2.712304e-08 
1.003842e-08 	 7.451197e-12 
t = 1278495.0 
3.513444e-06 	 1.975606e-08 
7.511415e-09 	 6.089294e-12 
t = 1280895.0 
5.954457e-05 	 1.077192e-08 
2.926646e-08 	 1.146933e-12 
t = 1283295.0 
4.424731e-06 	 7.473903e-08 
1.529743e-08 	 9.245329e-12 
t = 1285695.0 
1.528187e-05 	 1.073893e-07 
2.145405e-08 	 1.251376e-11 
t = 1288095.0 
9.793487e-05 	 1.240336e-08 
2.269699e-07 	 3.119010e-13 
t = 1290495.0 
1.461663e-06 	 1.062083e-08 
6.567423e-09 	 1.683201e-12 
t = 1292895.0 
7.056057e-06 	 4.640590e-09 
3.669245e-09 	 1.484803e-12 
t = 1295295.0 
5.941060e-06 	 9.759328e-09 
3.842065e-09 	 4.094631e-13 
t = 1297695.0 
3.213033e-07 	 2.880173e-09 
1.652941e-09 	 5.989434e-13 
t = 1300095.0 
1.160687e-06 	 1.118710e-08 
3.305751e-09 	 2.591774e-12 
t = 1302495.0 
3.214110e-06 	 9.314629e-09 
3.091863e-09 	 8.508178e-13 
t = 1304895.0 
7.996340e-06 	 8.634177e-08 
1.701181e-08 	 9.129474e-12 
t = 1307295.0 
6.811128e-06 	 2.053195e-07 
2.774306e-08 	 2.000565e-11 
t = 1309695.0 
7.864093e-05 	 1.496614e-07 
7.891825e-08 	 1.149189e-11 
t = 1312095.0 
8.493870e-06 	 8.172029e-08 
1.043529e-08 	 2.698883e-12 
t = 1314495.0 
1.766001e-06 	 5.508563e-08 
4.567750e-09 	 4.974446e-13 
t = 1316895.0 
4.969264e-05 	 9.981856e-08 
4.462351e-08 	 1.923327e-12 
t = 1319295.0 
8.656568e-06 	 6.708766e-08 
8.301990e-09 	 7.099834e-13 
t = 1321695.0 
2.328820e-06 	 3.431310e-08 
2.354498e-09 	 6.112538e-13 
t = 1324095.0 
6.986620e-05 	 2.193391e-08 
1.820603e-08 	 2.537312e-12 
t = 1326495.0 
4.508775e-05 	 1.524253e-08 
1.406167e-08 	 3.337789e-12 
t = 1328895.0 
1.107789e-05 	 7.758161e-09 
4.355086e-09 	 2.215572e-12 
t = 1331295.0 
4.629740e-05 	 7.170013e-09 
7.309351e-08 	 2.333241e-13 
t = 1333695.0 
1.210755e-05 	 1.548329e-08 
1.080459e-08 	 5.126637e-13 
t = 1336095.0 
6.069814e-06 	 2.051609e-08 
4.967921e-09 	 8.135826e-13 
t = 1338495.0 
1.616933e-05 	 1.766521e-08 
1.255878e-08 	 4.828054e-13 
t = 1340895.0 
2.098787e-07 	 6.604798e-09 
8.189818e-10 	 1.817420e-13 
t = 1343295.0 
5.230387e-07 	 6.938084e-09 
1.961852e-09 	 1.310988e-12 
t = 1345695.0 
4.444895e-05 	 2.588673e-09 
6.165982e-08 	 7.582402e-13 
t = 1348095.0 
2.725693e-05 	 6.731227e-09 
3.436533e-08 	 1.433803e-12 
t = 1350495.0 
1.301581e-05 	 1.252189e-08 
1.623242e-08 	 2.240098e-12 
t = 1352895.0 
6.934871e-07 	 9.038682e-10 
1.293000e-09 	 4.644476e-13 
t = 1355295.0 
5.866619e-07 	 7.645282e-10 
7.809949e-10 	 2.649252e-13 
t = 1357695.0 
1.154331e-07 	 3.089841e-10 
5.168231e-10 	 2.452722e-13 
t = 1360095.0 
2.525991e-05 	 2.718694e-08 
3.335431e-08 	 2.714339e-12 
t = 1362495.0 
9.286004e-06 	 1.707293e-07 
4.283731e-08 	 2.083644e-11 
t = 1364895.0 
1.071351e-05 	 3.537467e-07 
6.257781e-08 	 4.798300e-11 
t = 1367295.0 
8.517971e-06 	 3.348139e-07 
5.082257e-08 	 4.278134e-11 
t = 1369695.0 
2.260095e-05 	 5.052030e-07 
1.379008e-07 	 5.828199e-11 
t = 1372095.0 
2.090982e-05 	 6.242133e-07 
1.398116e-07 	 6.948733e-11 
t = 1374495.0 
1.338768e-05 	 3.269118e-07 
3.114810e-08 	 1.848221e-11 
t = 1376895.0 
2.362723e-06 	 2.865515e-07 
2.274128e-08 	 8.541934e-12 
t = 1379295.0 
5.679885e-06 	 2.871590e-07 
2.295797e-08 	 7.533860e-12 
t = 1381695.0 
9.503837e-07 	 2.387613e-07 
1.557376e-08 	 4.552532e-12 
t = 1384095.0 
9.145358e-07 	 2.161784e-07 
1.306964e-08 	 3.402552e-12 
t = 1386495.0 
2.515154e-06 	 1.619578e-07 
9.301215e-09 	 1.888463e-12 
t = 1388895.0 
3.200666e-05 	 8.997029e-08 
1.618463e-08 	 1.944018e-11 
t = 1391295.0 
3.023972e-06 	 4.923563e-08 
8.029639e-09 	 9.331737e-12 
t = 1393695.0 
9.819438e-06 	 8.120914e-08 
4.145255e-09 	 4.858642e-13 
t = 1396095.0 
5.081470e-05 	 1.229732e-07 
8.537924e-09 	 4.888043e-12 
t = 1398495.0 
8.392019e-07 	 4.644026e-08 
2.918498e-09 	 4.788102e-13 
t = 1400895.0 
1.393958e-05 	 3.639343e-08 
8.277526e-09 	 1.004811e-11 
t = 1403295.0 
1.514108e-05 	 1.701539e-08 
3.987596e-09 	 2.583993e-12 
t = 1405695.0 
1.361956e-05 	 1.903144e-08 
3.162469e-09 	 5.497855e-13 
t = 1408095.0 
9.321338e-06 	 1.319930e-08 
2.312924e-09 	 6.896680e-13 
t = 1410495.0 
1.012776e-06 	 1.458019e-08 
4.821678e-09 	 4.937620e-12 
t = 1412895.0 
5.508863e-06 	 2.454120e-07 
2.902810e-08 	 3.095166e-11 
t = 1415295.0 
4.126345e-05 	 1.035241e-06 
1.578010e-07 	 2.220289e-10 
t = 1417695.0 
6.103933e-05 	 6.130438e-07 
9.655221e-08 	 1.385377e-10 
t = 1420095.0 
3.990553e-05 	 4.039356e-07 
4.435443e-08 	 5.170940e-11 
t = 1422495.0 
1.084768e-05 	 3.541691e-07 
2.795621e-08 	 2.406816e-11 
t = 1424895.0 
2.975047e-05 	 7.645602e-07 
1.562606e-07 	 9.434639e-11 
t = 1427295.0 
1.066578e-04 	 1.896051e-07 
6.500550e-08 	 5.783898e-12 
t = 1429695.0 
7.545579e-05 	 4.002819e-07 
3.196902e-07 	 1.653230e-10 
t = 1432095.0 
9.581821e-05 	 1.516371e-07 
7.837934e-08 	 1.101360e-10 
t = 1434495.0 
2.397268e-05 	 1.937276e-08 
1.988542e-08 	 2.849853e-11 
t = 1436895.0 
3.327276e-06 	 8.709463e-09 
3.803420e-09 	 1.620477e-12 
t = 1439295.0 
3.389260e-06 	 8.770837e-09 
3.130542e-09 	 6.099428e-13 
t = 1441695.0 
7.667397e-05 	 3.563128e-08 
6.373869e-08 	 4.053744e-12 
t = 1444095.0 
5.281276e-05 	 3.838572e-08 
2.704225e-08 	 5.110522e-12 
t = 1446495.0 
1.252702e-04 	 3.465349e-08 
1.795324e-07 	 8.565515e-12 
t = 1448895.0 
1.452547e-05 	 7.870810e-08 
3.271343e-08 	 2.733768e-11 
t = 1451295.0 
1.353761e-05 	 1.605304e-07 
3.761590e-08 	 4.596981e-11 
t = 1453695.0 
2.167530e-04 	 5.490380e-07 
1.095940e-07 	 1.081180e-10 
t = 1456095.0 
9.546425e-05 	 2.661849e-07 
5.066801e-08 	 4.954917e-11 
t = 1458495.0 
2.468665e-05 	 8.165064e-08 
1.534281e-08 	 9.399911e-12 
t = 1460895.0 
1.099543e-05 	 5.200987e-08 
1.066273e-08 	 6.085193e-12 
t = 1463295.0 
2.173413e-06 	 2.131763e-07 
2.513293e-08 	 1.588759e-11 
t = 1465695.0 
8.864381e-06 	 5.021302e-07 
8.205995e-08 	 4.567641e-11 
t = 1468095.0 
1.746007e-05 	 3.311022e-07 
7.617640e-08 	 2.592910e-11 
t = 1470495.0 
2.152372e-05 	 1.574003e-07 
2.889986e-08 	 7.859369e-12 
t = 1472895.0 
6.076052e-05 	 1.013689e-07 
4.077593e-08 	 6.003924e-12 
t = 1475295.0 
1.851399e-04 	 3.517284e-07 
5.469623e-07 	 1.434120e-11 
t = 1477695.0 
7.632985e-06 	 5.138910e-07 
5.693804e-08 	 2.709670e-11 
t = 1480095.0 
1.748906e-05 	 5.523465e-07 
4.510670e-08 	 2.570622e-11 
t = 1482495.0 
3.244617e-06 	 3.826123e-07 
2.659029e-08 	 1.187783e-11 
t = 1484895.0 
5.979439e-06 	 2.621953e-07 
1.637047e-08 	 5.707182e-12 
t = 1487295.0 
6.682540e-06 	 1.815996e-07 
1.295907e-08 	 4.690268e-12 
t = 1489695.0 
4.966929e-06 	 1.276960e-07 
1.130773e-08 	 5.126625e-12 
t = 1492095.0 
1.682544e-05 	 8.571162e-08 
1.276510e-08 	 5.835450e-12 
t = 1494495.0 
2.143533e-05 	 6.993779e-08 
9.018716e-09 	 3.468172e-12 
t = 1496895.0 
1.639173e-05 	 2.192847e-07 
1.177896e-08 	 5.030716e-12 
t = 1499295.0 
3.142538e-06 	 1.785650e-07 
1.051454e-08 	 4.382946e-12 
t = 1501695.0 
1.244813e-06 	 1.351877e-07 
7.998291e-09 	 2.278377e-12 
t = 1504095.0 
1.935236e-06 	 2.210376e-07 
1.249852e-08 	 4.542950e-12 
t = 1506495.0 
3.612400e-06 	 1.325906e-07 
8.192454e-09 	 1.876725e-12 
t = 1508895.0 
7.420755e-06 	 7.598095e-08 
6.999597e-09 	 2.221709e-12 
t = 1511295.0 
2.180063e-06 	 8.034872e-08 
5.525395e-09 	 1.226424e-12 
t = 1513695.0 
1.182479e-06 	 6.773631e-08 
5.027553e-09 	 9.670351e-13 
t = 1516095.0 
8.354392e-07 	 5.099071e-08 
4.630591e-09 	 9.811864e-13 
t = 1518495.0 
2.687731e-05 	 4.017392e-08 
6.255002e-09 	 9.674406e-13 
t = 1520895.0 
2.270102e-05 	 3.795220e-08 
4.208229e-09 	 6.640788e-13 
t = 1523295.0 
1.741425e-05 	 3.392141e-08 
3.487592e-09 	 5.802130e-13 
t = 1525695.0 
3.569686e-06 	 1.892856e-08 
4.160418e-09 	 1.668101e-12 
t = 1528095.0 
1.960685e-06 	 2.183013e-08 
7.051826e-09 	 4.606956e-12 
t = 1530495.0 
3.768294e-06 	 4.802260e-08 
1.243299e-08 	 9.746914e-12 
t = 1532895.0 
1.452176e-05 	 2.991470e-07 
4.867635e-08 	 4.359462e-11 
t = 1535295.0 
1.828041e-05 	 2.918488e-07 
4.828585e-08 	 4.574062e-11 
t = 1537695.0 
1.188168e-05 	 2.207479e-07 
3.368342e-08 	 2.819355e-11 
t = 1540095.0 
1.538666e-05 	 2.330958e-07 
3.017242e-08 	 2.226316e-11 
t = 1542495.0 
3.920120e-05 	 7.616429e-08 
1.649760e-08 	 3.023207e-12 
t = 1544895.0 
2.274582e-05 	 5.843813e-08 
2.438811e-08 	 1.311459e-11 
t = 1547295.0 
1.565713e-05 	 2.185756e-07 
4.043007e-08 	 4.505707e-11 
t = 1549695.0 
2.068546e-05 	 4.193484e-07 
6.769171e-08 	 6.104462e-11 
t = 1552095.0 
2.592128e-05 	 4.294223e-07 
9.869503e-08 	 4.362504e-11 
t = 1554495.0 
4.482758e-04 	 5.332178e-08 
7.745570e-07 	 1.526232e-12 
t = 1556895.0 
8.009011e-07 	 2.886410e-08 
3.401915e-09 	 1.929565e-12 
t = 1559295.0 
3.215818e-06 	 2.637536e-08 
5.637355e-09 	 5.432643e-12 
t = 1561695.0 
1.483568e-03 	 1.562769e-07 
3.214927e-06 	 2.840682e-11 
t = 1564095.0 
1.492986e-04 	 6.832789e-09 
3.019888e-07 	 3.616753e-13 
t = 1566495.0 
9.141154e-04 	 3.204640e-07 
2.612563e-06 	 2.634048e-11 
t = 1568895.0 
4.666098e-05 	 3.235069e-07 
3.319007e-08 	 2.522507e-11 
t = 1571295.0 
1.861801e-05 	 3.924004e-07 
3.255907e-08 	 2.036802e-11 
t = 1573695.0 
9.737753e-06 	 4.071688e-07 
2.843602e-08 	 1.395782e-11 
t = 1576095.0 
1.739925e-06 	 2.255703e-07 
1.237917e-08 	 3.700084e-12 
t = 1578495.0 
6.102937e-07 	 1.734372e-07 
8.369850e-09 	 1.862490e-12 
t = 1580895.0 
7.657449e-07 	 1.883384e-07 
8.313082e-09 	 1.917961e-12 
t = 1583295.0 
4.194179e-06 	 2.801884e-07 
1.379956e-08 	 3.545406e-12 
t = 1585695.0 
3.612820e-06 	 2.231224e-07 
9.788565e-09 	 2.481030e-12 
t = 1588095.0 
4.698063e-06 	 1.625468e-07 
7.370772e-09 	 1.726254e-12 
t = 1590495.0 
8.382360e-06 	 1.874155e-07 
7.534227e-09 	 1.878425e-12 
t = 1592895.0 
6.471830e-06 	 8.499941e-08 
1.061474e-08 	 6.315661e-12 
t = 1595295.0 
4.677067e-05 	 1.431416e-07 
2.512007e-08 	 1.978615e-11 
t = 1597695.0 
1.981859e-05 	 2.025099e-07 
1.853691e-08 	 2.825447e-12 
t = 1600095.0 
1.668466e-06 	 1.088354e-07 
5.082228e-09 	 1.797826e-12 
t = 1602495.0 
1.211804e-05 	 3.395291e-08 
3.212567e-09 	 1.170096e-12 
t = 1604895.0 
7.493174e-05 	 4.267781e-08 
2.005798e-08 	 2.693186e-13 
t = 1607295.0 
8.086102e-05 	 3.727994e-08 
2.305367e-08 	 2.257004e-13 
t = 1609695.0 
6.128039e-05 	 3.121804e-08 
1.749589e-08 	 2.863296e-13 
t = 1612095.0 
2.687001e-06 	 8.714826e-08 
5.037583e-09 	 1.346493e-12 
t = 1614495.0 
7.802570e-05 	 6.862752e-08 
3.733743e-08 	 9.074159e-13 
t = 1616895.0 
1.973905e-04 	 6.153043e-08 
1.348187e-07 	 7.978331e-13 
t = 1619295.0 
3.628729e-04 	 2.612594e-07 
6.459323e-07 	 5.946154e-12 
t = 1621695.0 
1.335747e-05 	 6.619364e-08 
1.093757e-08 	 1.166636e-12 
t = 1624095.0 
7.618184e-06 	 1.053940e-07 
2.954664e-08 	 1.058724e-11 
t = 1626495.0 
4.444505e-06 	 3.393711e-08 
3.560342e-08 	 6.985075e-12 
t = 1628895.0 
2.394165e-06 	 1.939494e-08 
1.016698e-08 	 4.709968e-12 
t = 1631295.0 
2.144812e-06 	 1.112461e-08 
4.511416e-09 	 3.494968e-12 
t = 1633695.0 
2.780563e-06 	 8.444251e-09 
6.100003e-09 	 2.212062e-12 
t = 1636095.0 
8.388727e-05 	 6.271206e-08 
1.269296e-07 	 4.914249e-12 
t = 1638495.0 
1.030071e-04 	 8.345863e-08 
1.416175e-07 	 4.945254e-12 
t = 1640895.0 
4.136966e-06 	 1.654313e-08 
1.395597e-09 	 1.604250e-12 
t = 1643295.0 
9.757834e-06 	 8.927986e-09 
3.365918e-09 	 2.207469e-12 
t = 1645695.0 
1.071764e-06 	 3.941962e-09 
8.427404e-10 	 1.142697e-12 
t = 1648095.0 
2.364103e-05 	 8.622726e-09 
3.635217e-08 	 1.131931e-12 
t = 1650495.0 
1.971667e-06 	 7.871270e-09 
8.520921e-09 	 1.551806e-12 
t = 1652895.0 
2.046114e-05 	 2.515126e-08 
8.421182e-09 	 3.471901e-12 
t = 1655295.0 
2.154168e-04 	 2.829149e-08 
1.773825e-07 	 2.699807e-12 
t = 1657695.0 
7.930094e-06 	 2.992349e-08 
1.262980e-08 	 3.369999e-12 
t = 1660095.0 
2.059836e-06 	 8.647818e-09 
4.450459e-09 	 1.786874e-12 
t = 1662495.0 
1.574875e-06 	 1.873987e-08 
5.393477e-09 	 2.967100e-12 
t = 1664895.0 
1.681873e-05 	 3.084081e-08 
7.095689e-09 	 4.758431e-12 
t = 1667295.0 
2.038111e-05 	 3.045034e-08 
9.702231e-09 	 4.802811e-12 
t = 1669695.0 
6.448614e-06 	 3.773676e-08 
4.932098e-09 	 4.965904e-12 
t = 1672095.0 
7.327359e-07 	 4.114895e-09 
3.554920e-09 	 2.894451e-12 
t = 1674495.0 
8.670112e-06 	 2.912360e-08 
1.157123e-08 	 5.525258e-12 
t = 1676895.0 
9.700382e-06 	 3.841903e-09 
1.654464e-08 	 2.918770e-12 
t = 1679295.0 
2.345918e-06 	 2.004146e-08 
2.738399e-09 	 2.849833e-12 
t = 1681695.0 
1.100425e-05 	 8.451096e-08 
9.425894e-09 	 7.961279e-12 
t = 1684095.0 
3.270962e-06 	 4.974213e-08 
2.881632e-08 	 5.351861e-12 
t = 1686495.0 
5.486518e-07 	 2.109151e-08 
5.350845e-09 	 2.949373e-12 
t = 1688895.0 
5.829406e-07 	 8.842799e-09 
3.634186e-09 	 2.813439e-12 
t = 1691295.0 
4.698349e-06 	 7.766452e-09 
8.218931e-09 	 3.565674e-12 
t = 1693695.0 
1.709062e-05 	 1.132662e-07 
2.101557e-08 	 1.216675e-11 
t = 1696095.0 
4.104632e-05 	 2.935419e-07 
4.251427e-08 	 2.029184e-11 
t = 1698495.0 
2.410949e-05 	 1.149992e-07 
2.331805e-08 	 6.191164e-12 
t = 1700895.0 
1.629542e-05 	 4.349270e-08 
2.325038e-08 	 8.280791e-13 
t = 1703295.0 
7.897481e-06 	 2.389911e-08 
1.680614e-08 	 4.920441e-13 
t = 1705695.0 
4.072537e-07 	 3.031501e-08 
2.538860e-09 	 4.049798e-13 
t = 1708095.0 
1.511052e-06 	 6.006898e-08 
5.370973e-09 	 9.979709e-13 
t = 1710495.0 
1.441042e-06 	 7.846279e-08 
6.532148e-09 	 1.470167e-12 
t = 1712895.0 
8.351127e-07 	 2.855676e-08 
3.739375e-09 	 4.433905e-13 
t = 1715295.0 
3.867419e-05 	 3.469665e-08 
1.568608e-08 	 3.842562e-12 
t = 1717695.0 
6.792297e-05 	 8.243969e-08 
2.953319e-08 	 9.655980e-12 
t = 1720095.0 
3.796336e-06 	 2.362713e-08 
6.122787e-09 	 4.345754e-12 
t = 1722495.0 
9.914380e-07 	 1.227778e-09 
3.097766e-09 	 1.204890e-12 
t = 1724895.0 
6.205235e-06 	 1.745623e-08 
7.066364e-09 	 2.316674e-12 
t = 1727295.0 
3.634184e-06 	 6.461121e-10 
8.669859e-09 	 1.031134e-12 
t = 1729695.0 
2.445961e-06 	 9.454258e-10 
7.112154e-09 	 1.035304e-12 
t = 1732095.0 
4.008277e-06 	 4.586825e-11 
8.163937e-09 	 9.206208e-13 
t = 1734495.0 
9.556774e-06 	 4.417312e-10 
1.479886e-08 	 8.511201e-13 
t = 1736895.0 
5.540922e-06 	 8.209009e-11 
9.124359e-09 	 7.471052e-13 
t = 1739295.0 
3.397452e-06 	 9.753459e-10 
7.220940e-09 	 7.488179e-13 
t = 1741695.0 
2.550823e-06 	 6.423637e-09 
8.211562e-09 	 1.072718e-12 
t = 1744095.0 
3.643341e-07 	 3.258933e-09 
1.592103e-09 	 9.004820e-13 
t = 1746495.0 
5.876049e-07 	 1.088500e-08 
2.562824e-09 	 1.270759e-12 
t = 1748895.0 
7.648930e-06 	 2.366713e-07 
5.842844e-08 	 1.644954e-11 
t = 1751295.0 
6.996421e-06 	 1.700986e-07 
2.561141e-08 	 1.267496e-11 
t = 1753695.0 
2.171507e-06 	 5.739820e-08 
1.317617e-08 	 2.635802e-12 
t = 1756095.0 
7.137143e-05 	 2.539710e-08 
8.469976e-08 	 3.820532e-12 
t = 1758495.0 
1.402199e-06 	 4.671865e-08 
7.442629e-09 	 1.371812e-12 
t = 1760895.0 
7.472666e-06 	 1.618005e-07 
1.554255e-08 	 7.590680e-12 
t = 1763295.0 
3.674843e-05 	 3.568302e-08 
5.140181e-08 	 1.299354e-12 
t = 1765695.0 
5.630691e-06 	 2.370575e-08 
7.140012e-09 	 1.750576e-12 
t = 1768095.0 
2.979341e-05 	 1.999847e-08 
1.436832e-08 	 1.358624e-12 
t = 1770495.0 
4.970860e-06 	 1.559355e-08 
5.439093e-09 	 1.145614e-12 
t = 1772895.0 
8.682209e-07 	 2.733045e-08 
2.734390e-09 	 8.851697e-13 
t = 1775295.0 
2.321357e-06 	 3.042791e-08 
3.286335e-09 	 1.024216e-12 
t = 1777695.0 
1.737883e-05 	 2.507949e-08 
1.695271e-08 	 3.983505e-12 
t = 1780095.0 
1.077824e-05 	 6.460117e-09 
9.089518e-09 	 2.312288e-12 
t = 1782495.0 
1.982457e-05 	 4.101195e-09 
2.686078e-08 	 3.402217e-13 
t = 1784895.0 
5.419368e-06 	 1.589521e-09 
5.185690e-09 	 3.673950e-13 
t = 1787295.0 
6.385962e-06 	 4.967435e-09 
4.613799e-09 	 9.367175e-13 
t = 1789695.0 
7.320698e-06 	 9.758480e-09 
4.920896e-09 	 1.350681e-12 
t = 1792095.0 
2.111397e-06 	 3.962434e-11 
2.483293e-09 	 8.540299e-14 
t = 1794495.0 
1.175226e-05 	 1.035516e-07 
5.377372e-08 	 7.860652e-12 
t = 1796895.0 
9.108169e-06 	 2.448507e-07 
6.523053e-08 	 2.256838e-11 
t = 1799295.0 
1.794817e-05 	 2.429433e-08 
6.661877e-09 	 9.033981e-13 
t = 1801695.0 
5.984790e-07 	 2.404433e-08 
2.554096e-09 	 5.116157e-13 
t = 1804095.0 
2.251142e-06 	 4.967627e-08 
4.092967e-09 	 1.239685e-12 
t = 1806495.0 
1.778246e-05 	 2.374880e-08 
7.977257e-09 	 5.510270e-13 
t = 1808895.0 
1.729491e-06 	 1.015708e-07 
1.008914e-08 	 4.112398e-12 
t = 1811295.0 
4.026865e-06 	 1.376074e-07 
2.665017e-08 	 7.052635e-12 
t = 1813695.0 
5.635959e-05 	 9.125340e-08 
2.920830e-08 	 1.205763e-11 
t = 1816095.0 
6.605106e-05 	 4.077869e-08 
1.131412e-07 	 3.028451e-13 
t = 1818495.0 
3.492005e-05 	 4.918657e-07 
2.636210e-07 	 3.994586e-11 
t = 1820895.0 
4.779991e-05 	 2.879873e-07 
1.773299e-07 	 2.352390e-11 
t = 1823295.0 
2.327106e-06 	 8.486924e-08 
6.930006e-09 	 1.002049e-12 
t = 1825695.0 
9.488052e-06 	 4.922094e-08 
9.476357e-09 	 5.626874e-12 
t = 1828095.0 
3.118829e-06 	 2.231647e-07 
1.711197e-08 	 7.333984e-12 
t = 1830495.0 
2.562985e-04 	 5.318122e-08 
1.489170e-07 	 8.041612e-13 
t = 1832895.0 
2.442764e-04 	 1.198945e-07 
3.544689e-07 	 2.294343e-11 
t = 1835295.0 
3.946597e-05 	 2.635041e-08 
3.328837e-08 	 1.038942e-11 
t = 1837695.0 
8.349046e-07 	 3.731306e-09 
4.528902e-09 	 2.381404e-12 
t = 1840095.0 
9.199408e-06 	 2.147640e-09 
1.151641e-08 	 2.406040e-13 
t = 1842495.0 
4.209660e-05 	 8.573234e-09 
7.304056e-08 	 2.456530e-13 
t = 1844895.0 
2.402401e-06 	 2.023294e-09 
2.788881e-09 	 2.148181e-13 
t = 1847295.0 
3.825105e-07 	 1.324615e-09 
1.732830e-09 	 3.346923e-13 
t = 1849695.0 
6.947749e-06 	 1.843115e-07 
4.984459e-08 	 1.654706e-11 
t = 1852095.0 
1.679347e-05 	 7.718306e-08 
1.196427e-08 	 7.716313e-12 
t = 1854495.0 
2.818156e-05 	 1.716538e-08 
1.238589e-08 	 1.249310e-12 
t = 1856895.0 
1.042426e-04 	 9.048435e-08 
9.819236e-08 	 1.509598e-11 
t = 1859295.0 
3.970759e-06 	 4.605361e-08 
1.393779e-08 	 9.732034e-12 
t = 1861695.0 
8.901229e-06 	 1.566908e-08 
9.522384e-09 	 3.009402e-12 
t = 1864095.0 
3.876716e-06 	 6.552097e-08 
1.451805e-08 	 5.797049e-12 
t = 1866495.0 
5.424515e-06 	 6.755731e-08 
1.546036e-08 	 4.867422e-12 
t = 1868895.0 
8.386646e-06 	 6.346306e-08 
1.537294e-08 	 3.164021e-12 
t = 1871295.0 
1.244084e-05 	 9.715162e-08 
2.104787e-08 	 3.928703e-12 
t = 1873695.0 
2.274382e-05 	 4.381449e-08 
1.851565e-08 	 8.647028e-13 
t = 1876095.0 
4.772719e-05 	 1.871948e-08 
2.481480e-08 	 1.367716e-12 
t = 1878495.0 
8.512350e-05 	 1.292982e-08 
4.300149e-08 	 2.610046e-12 
t = 1880895.0 
1.590018e-05 	 1.052210e-08 
9.880999e-09 	 6.890168e-13 
t = 1883295.0 
2.495965e-06 	 4.272905e-08 
6.767623e-09 	 1.790847e-12 
t = 1885695.0 
4.498196e-06 	 8.882436e-08 
1.542962e-08 	 4.397865e-12 
t = 1888095.0 
5.458132e-06 	 1.190593e-07 
1.471443e-08 	 5.216843e-12 
t = 1890495.0 
1.188884e-05 	 1.278534e-07 
1.953025e-08 	 4.245988e-12 
t = 1892895.0 
1.613513e-05 	 9.235650e-08 
2.608849e-08 	 1.787281e-12 
t = 1895295.0 
1.325281e-06 	 7.145462e-08 
6.829093e-09 	 8.330955e-13 
t = 1897695.0 
3.358234e-07 	 4.882004e-08 
4.175200e-09 	 6.271693e-13 
t = 1900095.0 
4.110059e-06 	 2.625519e-08 
2.262259e-08 	 2.383004e-12 
t = 1902495.0 
1.454536e-06 	 1.623233e-08 
5.091513e-09 	 2.716636e-12 
t = 1904895.0 
2.544458e-06 	 8.108116e-09 
1.666682e-09 	 1.710382e-12 
t = 1907295.0 
4.194549e-06 	 4.572789e-09 
1.509569e-09 	 1.125204e-12 
t = 1909695.0 
1.257417e-06 	 7.949886e-09 
2.663943e-09 	 2.044177e-12 
t = 1912095.0 
8.891530e-07 	 1.228610e-08 
6.345249e-09 	 2.721595e-12 
t = 1914495.0 
6.704074e-06 	 3.614636e-09 
1.205028e-08 	 9.124991e-13 
t = 1916895.0 
1.552954e-05 	 1.449828e-09 
2.770364e-08 	 8.329713e-13 
t = 1919295.0 
1.514127e-05 	 4.827932e-10 
3.117134e-08 	 6.484433e-13 
t = 1921695.0 
1.466002e-05 	 2.585305e-09 
2.114988e-08 	 6.319464e-13 
t = 1924095.0 
7.760133e-06 	 1.475298e-09 
1.583207e-08 	 5.526265e-13 
t = 1926495.0 
2.396142e-06 	 1.662823e-08 
1.189820e-08 	 1.985301e-12 
t = 1928895.0 
8.715047e-07 	 2.210250e-08 
5.607558e-09 	 2.578398e-12 
t = 1931295.0 
1.207699e-05 	 3.692181e-08 
4.298753e-08 	 3.331257e-12 
t = 1933695.0 
1.936238e-05 	 5.875459e-08 
6.823655e-08 	 4.450468e-12 
t = 1936095.0 
7.166727e-06 	 9.184225e-08 
3.788085e-08 	 6.355372e-12 
t = 1938495.0 
4.792519e-06 	 8.226882e-08 
9.535960e-09 	 4.709957e-12 
t = 1940895.0 
4.130340e-06 	 5.398632e-08 
6.192922e-09 	 1.946296e-12 
t = 1943295.0 
1.085274e-05 	 2.269112e-08 
1.212457e-08 	 1.436136e-12 
t = 1945695.0 
1.431572e-06 	 3.835723e-08 
5.374693e-09 	 8.271589e-13 
t = 1948095.0 
3.281706e-06 	 8.855955e-08 
7.706698e-09 	 3.515777e-12 
t = 1950495.0 
1.913678e-05 	 6.879873e-08 
1.174444e-08 	 2.466610e-12 
t = 1952895.0 
3.730079e-06 	 3.020018e-08 
4.839994e-09 	 9.511707e-13 
t = 1955295.0 
1.517556e-06 	 1.831344e-08 
5.739932e-09 	 3.097210e-12 
t = 1957695.0 
8.541205e-06 	 1.034730e-08 
9.608476e-09 	 2.480080e-12 
t = 1960095.0 
7.697962e-06 	 6.255471e-09 
6.839722e-09 	 1.767699e-12 
t = 1962495.0 
1.737733e-05 	 4.575272e-09 
1.528664e-08 	 1.511315e-12 
t = 1964895.0 
1.228668e-06 	 8.599777e-09 
3.201685e-09 	 2.135341e-12 
t = 1967295.0 
1.235241e-06 	 1.810308e-08 
5.226017e-09 	 3.035763e-12 
t = 1969695.0 
1.008373e-06 	 1.759788e-08 
4.670540e-09 	 2.379875e-12 
t = 1972095.0 
1.746677e-07 	 3.512756e-09 
1.045207e-09 	 2.278368e-13 
t = 1974495.0 
1.002860e-05 	 1.869636e-10 
4.400877e-09 	 1.199352e-13 
t = 1976895.0 
2.783765e-05 	 3.082124e-08 
1.954253e-08 	 2.230186e-12 
t = 1979295.0 
1.200301e-04 	 3.622102e-07 
2.240286e-07 	 2.497262e-11 
t = 1981695.0 
1.497395e-05 	 6.566107e-08 
1.899208e-08 	 3.806159e-12 
t = 1984095.0 
2.051091e-05 	 6.608259e-08 
1.029396e-07 	 7.113956e-12 
t = 1986495.0 
8.752129e-07 	 5.849489e-09 
5.956469e-09 	 2.035108e-12 
t = 1988895.0 
4.125121e-07 	 2.677104e-09 
2.575146e-09 	 6.461623e-13 
t = 1991295.0 
1.208435e-07 	 1.533119e-09 
8.350997e-10 	 3.314401e-13 
t = 1993695.0 
4.868617e-07 	 1.260811e-08 
1.699991e-09 	 5.053577e-13 
t = 1996095.0 
1.072394e-05 	 3.890248e-08 
9.330438e-09 	 2.275888e-12 
t = 1998495.0 
2.003561e-05 	 5.887717e-08 
1.570603e-08 	 3.177150e-12 
t = 2000895.0 
6.968774e-06 	 4.111478e-08 
6.661957e-09 	 1.397814e-12 
t = 2003295.0 
1.758271e-05 	 4.032866e-07 
4.386174e-08 	 1.785865e-11 
t = 2005695.0 
5.885784e-05 	 9.528814e-07 
1.005555e-07 	 3.509300e-11 
t = 2008095.0 
1.215304e-05 	 2.245888e-07 
2.117003e-08 	 3.667663e-12 
t = 2010495.0 
5.360090e-07 	 1.279684e-07 
1.113508e-08 	 2.005450e-12 
t = 2012895.0 
4.638255e-06 	 9.781011e-08 
8.819750e-09 	 2.164317e-12 
t = 2015295.0 
6.846466e-05 	 7.681225e-08 
2.659365e-08 	 1.661612e-12 
t = 2017695.0 
6.145902e-05 	 5.751995e-08 
2.546716e-08 	 1.346939e-12 
t = 2020095.0 
3.544853e-05 	 4.128576e-08 
1.628526e-08 	 1.232394e-12 
t = 2022495.0 
1.016437e-06 	 2.737529e-08 
6.056592e-09 	 1.320009e-12 
t = 2024895.0 
2.639355e-06 	 1.838431e-08 
2.331762e-09 	 1.196425e-12 
t = 2027295.0 
8.557757e-06 	 1.200948e-08 
3.933249e-09 	 1.228410e-12 
t = 2029695.0 
2.962491e-05 	 1.109345e-08 
1.342113e-08 	 2.076807e-12 
t = 2032095.0 
7.168142e-06 	 1.378846e-08 
4.308209e-09 	 2.782351e-12 
t = 2034495.0 
2.343352e-06 	 1.564454e-08 
5.034404e-09 	 2.928641e-12 
t = 2036895.0 
6.708321e-07 	 8.822562e-09 
5.057740e-09 	 2.010651e-12 
t = 2039295.0 
5.451257e-07 	 7.337433e-09 
3.318505e-09 	 1.625331e-12 
t = 2041695.0 
1.223661e-06 	 9.223016e-10 
4.476934e-09 	 1.087894e-12 
t = 2044095.0 
5.516732e-05 	 7.760037e-08 
4.919282e-08 	 6.564750e-12 
t = 2046495.0 
6.876709e-05 	 1.333371e-09 
1.472864e-07 	 4.969138e-13 
t = 2048895.0 
5.694502e-05 	 8.375542e-08 
2.549612e-07 	 6.608357e-12 
t = 2051295.0 
1.458856e-04 	 1.730125e-09 
2.840165e-07 	 3.190199e-13 
t = 2053695.0 
2.523600e-04 	 3.099372e-09 
6.789340e-07 	 2.087687e-13 
t = 2056095.0 
6.644818e-05 	 5.083941e-08 
1.336557e-07 	 3.115454e-12 
t = 2058495.0 
8.016910e-04 	 1.292308e-07 
8.175362e-07 	 1.043425e-11 
t = 2060895.0 
1.792632e-06 	 6.917294e-08 
1.434737e-08 	 4.287733e-12 
t = 2063295.0 
1.224317e-04 	 3.546443e-08 
2.568610e-07 	 9.418245e-13 
t = 2065695.0 
2.128119e-05 	 7.954953e-08 
4.254202e-08 	 2.467099e-12 
t = 2068095.0 
5.268260e-07 	 2.640923e-08 
3.835461e-09 	 7.326912e-13 
t = 2070495.0 
5.625035e-05 	 1.531641e-08 
1.620770e-08 	 1.909798e-12 
t = 2072895.0 
8.789643e-04 	 1.617398e-07 
8.769240e-07 	 8.422009e-12 
t = 2075295.0 
4.805788e-05 	 4.247432e-08 
2.408222e-08 	 1.658703e-12 
t = 2077695.0 
4.968260e-06 	 3.050776e-08 
8.483999e-09 	 5.354193e-12 
t = 2080095.0 
3.488047e-05 	 8.636159e-09 
2.471743e-08 	 1.871240e-12 
t = 2082495.0 
3.400282e-06 	 1.403944e-08 
9.296794e-09 	 3.491451e-12 
t = 2084895.0 
1.162036e-06 	 7.288350e-09 
3.740712e-09 	 2.404848e-12 
t = 2087295.0 
3.031159e-05 	 4.052518e-07 
5.551860e-08 	 3.334217e-11 
t = 2089695.0 
1.829396e-05 	 2.389367e-07 
3.677711e-08 	 2.465918e-11 
t = 2092095.0 
2.433346e-07 	 4.819133e-08 
4.392456e-09 	 1.551637e-12 
t = 2094495.0 
3.319451e-06 	 2.828226e-08 
1.007119e-08 	 4.061382e-12 
t = 2096895.0 
9.733657e-07 	 2.545541e-08 
2.848208e-09 	 1.576133e-12 
t = 2099295.0 
6.294204e-06 	 4.434211e-08 
4.997677e-09 	 1.271138e-12 
t = 2101695.0 
3.338640e-05 	 1.586285e-08 
2.968014e-08 	 2.579443e-12 
t = 2104095.0 
1.614242e-05 	 7.841410e-08 
4.151560e-08 	 1.364796e-11 
t = 2106495.0 
1.026237e-05 	 1.777946e-07 
5.116638e-08 	 2.236963e-11 
t = 2108895.0 
1.201168e-05 	 1.514123e-07 
3.298805e-08 	 1.468324e-11 
t = 2111295.0 
1.243578e-05 	 1.598858e-07 
2.849094e-08 	 9.536620e-12 
t = 2113695.0 
1.181475e-05 	 1.437643e-07 
2.381533e-08 	 5.287083e-12 
t = 2116095.0 
7.176715e-06 	 5.234000e-08 
1.929946e-08 	 7.447581e-13 
t = 2118495.0 
8.002229e-06 	 2.754515e-08 
3.640584e-08 	 2.498719e-12 
t = 2120895.0 
4.231655e-06 	 3.026792e-08 
3.149792e-08 	 5.575262e-12 
t = 2123295.0 
7.194508e-06 	 1.648284e-08 
5.947960e-09 	 4.180916e-12 
t = 2125695.0 
5.061050e-06 	 3.380757e-09 
2.320982e-09 	 1.521971e-12 
t = 2128095.0 
9.348547e-06 	 1.443017e-09 
5.759375e-09 	 4.366379e-13 
t = 2130495.0 
5.891024e-05 	 3.249762e-08 
4.905657e-08 	 2.323564e-12 
t = 2132895.0 
8.420707e-05 	 1.682668e-07 
1.139618e-07 	 1.033137e-11 
t = 2135295.0 
3.518095e-05 	 3.193281e-07 
9.146615e-08 	 1.573326e-11 
t = 2137695.0 
4.218112e-05 	 2.260756e-07 
5.323054e-08 	 7.541225e-12 
t = 2140095.0 
1.310515e-05 	 1.520334e-07 
2.408245e-08 	 2.471573e-12 
t = 2142495.0 
7.725890e-06 	 8.471465e-08 
2.287870e-08 	 9.466771e-13 
t = 2144895.0 
3.432535e-05 	 5.396965e-08 
1.762530e-07 	 5.466933e-12 
t = 2147295.0 
4.942572e-06 	 3.413371e-08 
1.463057e-08 	 9.318673e-13 
t = 2149695.0 
8.757301e-06 	 1.197916e-07 
1.215402e-08 	 2.095779e-12 
t = 2152095.0 
1.099468e-05 	 6.034095e-08 
1.625932e-08 	 7.027870e-13 
t = 2154495.0 
4.427433e-07 	 2.949927e-08 
3.348672e-09 	 7.575321e-13 
t = 2156895.0 
2.237439e-06 	 1.861485e-08 
2.680422e-09 	 1.583066e-12 
t = 2159295.0 
5.169140e-07 	 1.780512e-08 
2.385942e-09 	 5.459549e-13 
t = 2161695.0 
1.207166e-06 	 3.800270e-08 
3.178972e-09 	 7.129100e-13 
t = 2164095.0 
1.202424e-06 	 3.545594e-08 
3.024468e-09 	 7.203431e-13 
t = 2166495.0 
3.318202e-06 	 4.942626e-08 
1.547529e-08 	 5.050823e-12 
t = 2168895.0 
5.607848e-05 	 1.204504e-08 
3.353516e-08 	 7.226365e-13 
t = 2171295.0 
2.269887e-05 	 1.447582e-07 
4.162746e-08 	 5.920906e-12 
t = 2173695.0 
6.524054e-05 	 7.064280e-08 
9.429879e-08 	 2.499876e-12 
t = 2176095.0 
5.035491e-06 	 6.262777e-08 
9.572282e-09 	 1.342914e-12 
t = 2178495.0 
1.315668e-05 	 6.819299e-08 
1.582173e-08 	 1.236892e-12 
t = 2180895.0 
2.997480e-05 	 6.732418e-08 
4.362520e-08 	 1.045720e-12 
t = 2183295.0 
6.313387e-06 	 2.676418e-08 
1.905319e-08 	 8.855058e-13 
t = 2185695.0 
2.209219e-06 	 2.952580e-08 
1.555046e-08 	 3.607228e-12 
t = 2188095.0 
2.249943e-06 	 2.497685e-08 
1.468412e-08 	 4.080401e-12 
t = 2190495.0 
2.619727e-06 	 3.096144e-08 
1.220139e-08 	 4.357236e-12 
t = 2192895.0 
2.338269e-06 	 3.361810e-08 
1.072996e-08 	 4.003433e-12 
t = 2195295.0 
7.963428e-07 	 1.867175e-08 
8.172984e-09 	 2.276321e-12 
t = 2197695.0 
5.888740e-07 	 2.373607e-09 
2.996880e-09 	 1.161250e-12 
t = 2200095.0 
8.498180e-07 	 5.020631e-09 
3.069329e-09 	 1.730373e-12 
t = 2202495.0 
1.067845e-05 	 1.742900e-08 
5.925954e-09 	 1.586113e-12 
t = 2204895.0 
9.794992e-07 	 9.162252e-09 
6.529462e-09 	 1.334844e-12 
t = 2207295.0 
5.009836e-06 	 3.054219e-09 
1.080950e-08 	 9.804905e-13 
t = 2209695.0 
5.722525e-06 	 2.422358e-08 
3.906625e-09 	 1.813813e-12 
t = 2212095.0 
5.730736e-07 	 1.006534e-08 
1.897923e-09 	 1.188456e-12 
t = 2214495.0 
1.056284e-06 	 3.724750e-09 
2.934098e-09 	 1.106994e-12 
t = 2216895.0 
1.982951e-06 	 9.430220e-09 
7.010994e-09 	 9.522995e-13 
t = 2219295.0 
4.498080e-06 	 3.617770e-09 
8.056062e-09 	 8.195122e-13 
t = 2221695.0 
6.381744e-06 	 2.545962e-09 
7.589688e-09 	 1.008934e-12 
t = 2224095.0 
2.784160e-07 	 5.422486e-09 
1.768484e-09 	 5.950546e-13 
t = 2226495.0 
7.693918e-07 	 2.800644e-09 
7.798037e-10 	 5.449619e-13 
t = 2228895.0 
5.218109e-07 	 5.463496e-09 
2.051823e-09 	 1.142361e-12 
t = 2231295.0 
2.755848e-05 	 1.051540e-07 
2.298064e-08 	 7.894346e-12 
t = 2233695.0 
9.771101e-06 	 2.950982e-08 
8.486152e-09 	 2.281232e-12 
t = 2236095.0 
2.537638e-06 	 4.818982e-09 
5.846745e-09 	 2.194829e-13 
t = 2238495.0 
3.223072e-05 	 4.268581e-09 
4.581525e-08 	 8.678085e-14 
t = 2240895.0 
2.589313e-05 	 3.345742e-08 
1.166608e-08 	 3.140259e-12 
t = 2243295.0 
6.856356e-05 	 1.239549e-07 
3.514159e-08 	 1.135455e-11 
t = 2245695.0 
1.367674e-05 	 2.139040e-08 
3.972548e-08 	 1.949116e-12 
t = 2248095.0 
2.298005e-07 	 1.794181e-08 
2.921805e-09 	 8.441062e-13 
t = 2250495.0 
8.583820e-06 	 3.195586e-08 
5.845661e-09 	 1.338735e-12 
t = 2252895.0 
3.824800e-05 	 7.042159e-08 
2.105469e-08 	 3.452896e-12 
t = 2255295.0 
3.106906e-05 	 1.521942e-08 
2.180874e-08 	 1.052854e-12 
t = 2257695.0 
8.534618e-06 	 3.540125e-08 
2.202323e-08 	 5.728136e-12 
t = 2260095.0 
1.370720e-05 	 4.214340e-08 
1.503666e-08 	 6.496357e-12 
t = 2262495.0 
6.223577e-06 	 3.259928e-08 
9.166724e-09 	 3.961994e-12 
t = 2264895.0 
8.398820e-07 	 1.591790e-08 
3.974979e-09 	 1.394256e-12 
t = 2267295.0 
1.572141e-05 	 2.964338e-09 
8.803587e-09 	 4.133688e-13 
t = 2269695.0 
4.414545e-05 	 4.978577e-09 
7.587220e-08 	 2.246878e-13 
t = 2272095.0 
1.041887e-04 	 1.253522e-08 
1.854699e-07 	 4.906976e-13 
t = 2274495.0 
7.585358e-06 	 3.393840e-08 
3.356110e-08 	 2.717060e-12 
t = 2276895.0 
2.488190e-06 	 3.411580e-08 
8.378954e-09 	 3.630466e-12 
t = 2279295.0 
1.736326e-06 	 2.512238e-08 
4.866671e-09 	 2.197023e-12 
t = 2281695.0 
4.158788e-06 	 8.078693e-08 
3.104621e-08 	 5.392777e-12 
t = 2284095.0 
3.921432e-06 	 2.513251e-08 
3.916810e-09 	 1.052118e-12 
t = 2286495.0 
2.347815e-06 	 9.462058e-09 
4.909228e-09 	 1.094487e-12 
t = 2288895.0 
2.572546e-06 	 5.024313e-09 
2.759379e-09 	 8.401236e-13 
t = 2291295.0 
5.988018e-07 	 8.142390e-09 
1.686812e-09 	 2.698300e-13 
t = 2293695.0 
2.550121e-07 	 1.700153e-08 
2.441453e-09 	 5.267944e-13 
t = 2296095.0 
6.483328e-07 	 3.406790e-08 
4.597891e-09 	 1.406079e-12 
t = 2298495.0 
9.802878e-06 	 5.073365e-08 
7.274743e-09 	 2.304012e-12 
t = 2300895.0 
1.004913e-05 	 5.723184e-08 
7.900972e-09 	 2.346004e-12 
t = 2303295.0 
2.370891e-06 	 3.580752e-08 
8.530786e-09 	 8.121524e-13 
t = 2305695.0 
3.405903e-07 	 3.439841e-08 
3.613585e-09 	 6.146139e-13 
t = 2308095.0 
1.115596e-06 	 3.391802e-08 
2.611339e-09 	 5.766614e-13 
t = 2310495.0 
1.710468e-05 	 2.567007e-08 
1.118290e-08 	 4.957574e-13 
t = 2312895.0 
2.877552e-06 	 1.314239e-08 
4.938520e-09 	 1.043960e-12 
t = 2315295.0 
8.632600e-07 	 9.504223e-09 
3.585902e-09 	 1.956275e-12 
t = 2317695.0 
4.943792e-06 	 4.668668e-09 
5.317585e-09 	 6.915737e-13 
t = 2320095.0 
3.268942e-05 	 6.462700e-08 
1.131793e-07 	 2.876126e-12 
t = 2322495.0 
1.489349e-04 	 1.462678e-07 
7.541409e-07 	 9.834575e-12 
t = 2324895.0 
1.380422e-03 	 2.242012e-08 
1.237553e-05 	 5.364559e-13 
t = 2327295.0 
4.469265e-04 	 1.504576e-08 
9.856149e-07 	 1.726137e-12 
t = 2329695.0 
1.299861e-04 	 1.900165e-08 
7.611132e-08 	 1.349350e-12 
t = 2332095.0 
8.913578e-05 	 2.909604e-08 
3.728298e-08 	 1.921095e-12 
t = 2334495.0 
2.950089e-05 	 2.489493e-08 
6.005754e-09 	 2.072812e-12 
t = 2336895.0 
2.889925e-05 	 2.002659e-08 
5.794469e-09 	 2.122073e-12 
t = 2339295.0 
1.262933e-04 	 2.550082e-08 
5.280479e-08 	 2.730547e-12 
t = 2341695.0 
5.863429e-06 	 4.199095e-08 
6.346507e-09 	 3.544590e-12 
t = 2344095.0 
3.937397e-05 	 7.229339e-08 
2.564104e-08 	 5.367795e-12 
t = 2346495.0 
6.463129e-06 	 1.398603e-07 
2.016521e-08 	 1.046434e-11 
t = 2348895.0 
2.374185e-05 	 1.395651e-07 
2.264877e-08 	 9.338823e-12 
t = 2351295.0 
3.992210e-05 	 1.256729e-07 
2.334103e-08 	 6.141787e-12 
t = 2353695.0 
1.450428e-05 	 1.368660e-07 
1.406553e-08 	 5.488047e-12 
t = 2356095.0 
1.441771e-05 	 2.248649e-07 
2.963718e-08 	 1.145215e-11 
t = 2358495.0 
1.129801e-05 	 3.263333e-07 
4.376026e-08 	 2.032033e-11 
t = 2360895.0 
1.279485e-04 	 3.068826e-07 
7.584977e-08 	 1.606612e-11 
t = 2363295.0 
5.202107e-05 	 2.603272e-07 
2.704195e-08 	 8.316969e-12 
t = 2365695.0 
2.969391e-05 	 2.373850e-07 
1.758944e-08 	 4.874163e-12 
t = 2368095.0 
5.793904e-05 	 4.054642e-07 
3.754115e-08 	 1.776657e-11 
t = 2370495.0 
2.685810e-05 	 2.522246e-07 
1.704253e-08 	 4.523599e-12 
t = 2372895.0 
4.502948e-06 	 1.634979e-07 
8.644638e-09 	 1.473920e-12 
t = 2375295.0 
6.078020e-06 	 4.777990e-07 
4.416856e-08 	 2.272999e-11 
t = 2377695.0 
2.149487e-05 	 3.796475e-07 
3.309447e-08 	 1.648545e-11 
t = 2380095.0 
1.505668e-05 	 2.320427e-07 
1.277110e-08 	 1.870034e-12 
t = 2382495.0 
9.720843e-06 	 2.143662e-07 
1.082913e-08 	 1.147205e-12 
t = 2384895.0 
1.914309e-06 	 1.190262e-07 
8.847395e-09 	 5.382167e-12 
t = 2387295.0 
8.834336e-06 	 7.541128e-08 
1.494387e-08 	 1.498699e-11 
t = 2389695.0 
5.923428e-06 	 1.140317e-07 
6.357853e-09 	 1.659152e-12 
t = 2392095.0 
1.740212e-05 	 1.622639e-07 
2.157563e-08 	 6.061302e-12 
t = 2394495.0 
2.275595e-05 	 1.948920e-07 
3.129798e-08 	 1.041672e-11 
t = 2396895.0 
7.721646e-06 	 3.189387e-07 
3.929981e-08 	 2.551796e-11 
t = 2399295.0 
2.670345e-06 	 2.069866e-07 
1.578263e-08 	 9.164724e-12 
t = 2401695.0 
1.325460e-06 	 1.184876e-07 
5.253664e-09 	 1.734764e-12 
t = 2404095.0 
5.265817e-05 	 1.092680e-07 
7.819561e-09 	 1.726683e-12 
t = 2406495.0 
1.520625e-06 	 1.479827e-07 
8.297996e-09 	 3.439239e-12 
t = 2408895.0 
9.152871e-06 	 2.023162e-07 
1.872275e-08 	 9.813388e-12 
t = 2411295.0 
2.577840e-05 	 1.821119e-07 
2.331841e-08 	 8.072380e-12 
t = 2413695.0 
1.003393e-05 	 2.573910e-07 
2.561243e-08 	 1.640432e-11 
t = 2416095.0 
7.901683e-06 	 3.337505e-07 
3.592515e-08 	 2.728026e-11 
t = 2418495.0 
3.019143e-05 	 2.365092e-07 
2.601554e-08 	 1.096129e-11 
t = 2420895.0 
3.914355e-06 	 3.380976e-07 
2.853196e-08 	 2.182181e-11 
t = 2423295.0 
7.922854e-06 	 4.317982e-07 
4.301976e-08 	 3.685270e-11 
t = 2425695.0 
6.238364e-05 	 2.099396e-07 
2.699164e-08 	 3.717215e-12 
t = 2428095.0 
6.374789e-05 	 1.358239e-07 
1.814294e-08 	 5.610824e-12 
t = 2430495.0 
2.496659e-05 	 1.120244e-07 
1.149921e-08 	 5.644195e-12 
t = 2432895.0 
8.385046e-05 	 3.727053e-07 
4.649361e-08 	 2.994923e-11 
t = 2435295.0 
9.590940e-06 	 4.316028e-07 
5.220728e-08 	 5.246603e-11 
t = 2437695.0 
4.384437e-06 	 3.472104e-07 
3.363429e-08 	 3.076965e-11 
t = 2440095.0 
7.347474e-05 	 2.088039e-07 
3.145144e-08 	 3.755323e-12 
t = 2442495.0 
2.823007e-06 	 1.426169e-07 
5.412115e-09 	 2.536894e-12 
t = 2444895.0 
4.717866e-06 	 1.050242e-07 
7.317966e-09 	 5.179735e-12 
t = 2447295.0 
2.918492e-06 	 9.643796e-08 
5.605644e-09 	 2.584834e-12 
t = 2449695.0 
2.000697e-05 	 8.323237e-08 
5.819076e-09 	 1.855003e-12 
t = 2452095.0 
1.392383e-05 	 5.253537e-08 
6.883213e-09 	 4.543430e-12 
t = 2454495.0 
2.406990e-05 	 8.084764e-08 
3.598445e-08 	 4.194253e-11 
t = 2456895.0 
3.774053e-05 	 1.012855e-07 
1.102399e-07 	 6.148387e-11 
t = 2459295.0 
7.707685e-05 	 1.067556e-07 
1.785787e-07 	 5.792633e-11 
t = 2461695.0 
3.067610e-05 	 9.206656e-08 
7.322037e-08 	 4.276608e-11 
t = 2464095.0 
1.220860e-04 	 1.182958e-07 
2.122673e-07 	 3.794771e-11 
t = 2466495.0 
1.448452e-04 	 2.553823e-07 
3.549287e-07 	 5.588706e-11 
t = 2468895.0 
9.162643e-05 	 1.051264e-06 
7.144636e-07 	 1.673131e-10 
t = 2471295.0 
9.049566e-05 	 1.275234e-06 
7.074294e-07 	 1.692675e-10 
t = 2473695.0 
1.351045e-04 	 1.214047e-06 
7.319575e-07 	 1.154228e-10 
t = 2476095.0 
4.260108e-04 	 9.483582e-07 
1.566918e-06 	 5.999758e-11 
t = 2478495.0 
1.328290e-04 	 6.657808e-07 
2.445565e-07 	 2.783807e-11 
t = 2480895.0 
6.166072e-05 	 5.146911e-07 
1.057057e-07 	 1.678414e-11 
t = 2483295.0 
1.128773e-05 	 6.703901e-07 
8.315912e-08 	 1.854628e-11 
t = 2485695.0 
7.617969e-06 	 6.924544e-07 
7.849199e-08 	 1.824956e-11 
t = 2488095.0 
4.680789e-06 	 6.491856e-07 
6.587769e-08 	 1.467377e-11 
t = 2490495.0 
9.249771e-06 	 5.666019e-07 
6.056004e-08 	 1.054582e-11 
t = 2492895.0 
5.349925e-06 	 5.200202e-07 
5.001453e-08 	 7.886218e-12 
t = 2495295.0 
7.475646e-06 	 4.589864e-07 
4.804430e-08 	 5.999802e-12 
t = 2497695.0 
3.530352e-05 	 3.272313e-07 
9.852839e-08 	 4.652301e-12 
t = 2500095.0 
3.689582e-05 	 2.846047e-07 
9.347453e-08 	 3.729007e-12 
t = 2502495.0 
2.048703e-05 	 2.584485e-07 
5.686578e-08 	 2.813020e-12 
t = 2504895.0 
1.541035e-05 	 1.928718e-07 
2.968273e-08 	 2.573449e-12 
t = 2507295.0 
7.988500e-06 	 1.726403e-07 
3.731135e-08 	 1.776015e-12 
t = 2509695.0 
2.732920e-05 	 1.527196e-07 
6.449889e-08 	 1.257223e-12 
t = 2512095.0 
1.897592e-05 	 9.212350e-08 
6.191561e-08 	 2.545479e-12 
t = 2514495.0 
7.879051e-06 	 6.667933e-08 
3.880541e-08 	 2.589073e-12 
t = 2516895.0 
8.485357e-06 	 4.943633e-08 
3.687932e-08 	 1.929924e-12 
t = 2519295.0 
2.559217e-05 	 3.188987e-08 
7.635700e-08 	 3.387683e-12 
t = 2521695.0 
1.342275e-06 	 5.764615e-08 
1.952046e-08 	 1.485463e-13 
t = 2524095.0 
2.893262e-06 	 1.425251e-07 
2.746870e-08 	 3.747282e-12 
t = 2526495.0 
2.899595e-06 	 5.640168e-08 
1.784833e-08 	 2.651069e-13 
t = 2528895.0 
1.388965e-05 	 6.338571e-08 
2.637233e-08 	 2.479313e-13 
t = 2531295.0 
2.120040e-05 	 9.209513e-08 
2.818864e-08 	 9.833168e-13 
t = 2533695.0 
1.066607e-05 	 9.252991e-08 
1.993405e-08 	 9.297715e-13 
t = 2536095.0 
1.713933e-06 	 7.312709e-08 
1.322565e-08 	 3.419830e-13 
t = 2538495.0 
7.646768e-07 	 6.227008e-08 
1.123237e-08 	 1.956736e-13 
t = 2540895.0 
5.013830e-06 	 8.404368e-08 
1.339172e-08 	 5.542103e-13 
t = 2543295.0 
1.328566e-05 	 1.137503e-07 
1.754292e-08 	 1.421746e-12 
t = 2545695.0 
1.711966e-05 	 1.280838e-07 
1.857407e-08 	 1.715459e-12 
t = 2548095.0 
7.929772e-06 	 8.099894e-08 
1.230235e-08 	 3.824205e-13 
t = 2550495.0 
8.228316e-06 	 6.191775e-08 
1.242422e-08 	 3.333619e-13 
t = 2552895.0 
7.042871e-06 	 4.819183e-08 
1.122769e-08 	 4.398912e-13 
t = 2555295.0 
2.348878e-06 	 3.224320e-08 
8.227370e-09 	 8.094392e-13 
t = 2557695.0 
1.222808e-06 	 2.062384e-08 
7.523102e-09 	 1.630164e-12 
t = 2560095.0 
1.240362e-06 	 1.343987e-08 
8.008421e-09 	 1.779854e-12 
t = 2562495.0 
3.124951e-05 	 1.398990e-08 
2.680738e-08 	 1.856373e-13 
t = 2564895.0 
1.275912e-05 	 2.565257e-08 
7.434209e-09 	 3.070750e-13 
t = 2567295.0 
1.856395e-05 	 2.690912e-08 
8.811744e-09 	 3.782477e-13 
t = 2569695.0 
1.044294e-04 	 9.875245e-09 
1.307446e-07 	 5.145223e-13 
t = 2572095.0 
3.426673e-06 	 8.481666e-09 
6.594758e-09 	 1.457180e-12 
t = 2574495.0 
4.916970e-06 	 4.448373e-09 
4.488758e-09 	 1.164726e-12 
t = 2576895.0 
3.281055e-06 	 4.059245e-09 
2.473455e-09 	 1.796443e-13 
t = 2579295.0 
3.421377e-05 	 1.330653e-08 
7.333205e-09 	 4.828921e-13 
t = 2581695.0 
3.784410e-05 	 2.259417e-08 
1.037904e-08 	 8.821274e-13 
t = 2584095.0 
3.452462e-06 	 2.654915e-08 
3.861176e-09 	 8.622013e-13 
t = 2586495.0 
4.851666e-05 	 7.543396e-08 
2.420190e-08 	 2.798469e-12 
t = 2588895.0 
7.135462e-05 	 1.047160e-07 
4.302554e-08 	 3.485699e-12 
t = 2591295.0 
9.729259e-05 	 2.167982e-08 
3.122888e-08 	 3.465479e-13 
t = 2591704 
4.722112e-06 	 1.408111e-08 
2.482108e-09 	 1.006495e-12 
